City,Cloudiness,Country,Date,Humidity,Lat,Lng,Max Temp,Wind Speed
Port Elizabeth,40,US,1553303583,60,39.31,-74.98,7.22,6.2
Katsuura,75,JP,1553302421,49,33.93,134.5,9.0,5.7
Garowe,80,SO,1553304208,95,8.41,48.48,18.76,3.21
Torbay,90,CA,1553303453,92,47.66,-52.73,2.22,7.7
Grand Forks,1,US,1553303742,80,47.91,-97.06,0.0,2.16
Amapa,75,HN,1553302800,69,15.09,-87.97,26.0,5.1
Qaanaaq,0,GL,1553304209,91,77.48,-69.36,-34.14,4.31
North Bend,90,US,1553304033,93,43.41,-124.22,11.67,3.6
Kindersley,20,CA,1553303321,50,51.47,-109.16,13.0,4.1
Kodiak,1,US,1553304208,5,39.95,-94.76,14.44,1.5
San Patricio,0,PY,1553304210,72,-26.98,-56.83,18.96,1.76
Hermanus,24,ZA,1553303777,87,-34.42,19.24,17.78,4.47
Rawson,48,AR,1553304210,53,-43.3,-65.11,17.56,1.31
Constitucion,40,MX,1553304016,12,23.99,-104.67,21.0,6.7
Clyde River,90,CA,1553302800,75,70.47,-68.59,-28.0,3.1
Lorengau,68,PG,1553304211,100,-2.02,147.27,27.76,4.36
Chokurdakh,0,RU,1553303942,55,70.62,147.9,-23.89,2.31
Atuona,0,PF,1553304211,100,-9.8,-139.03,27.86,7.01
Tasiilaq,0,GL,1553302200,55,65.61,-37.64,-13.0,4.1
Ushuaia,90,AR,1553299200,93,-54.81,-68.31,8.0,4.1
Gizo,75,IL,1553304187,93,31.8,34.94,13.89,1.5
Yellowknife,75,CA,1553303565,68,62.45,-114.38,-1.0,5.1
Abu Kamal,48,SY,1553304011,76,34.45,40.92,9.46,4.21
Ribeira Grande,92,PT,1553303680,96,38.52,-28.7,16.51,6.81
Mporokoso,80,ZM,1553304212,95,-9.37,30.12,17.56,2.91
Egvekinot,36,RU,1553304013,74,66.32,-179.17,-16.64,6.21
Varnavino,80,RU,1553304212,90,61.19,46.56,-3.79,1.21
Lagoa,0,PT,1553303529,76,37.14,-8.45,14.44,2.6
Rikitea,68,PF,1553303445,99,-23.12,-134.97,26.06,7.76
Lebu,20,ET,1553299200,52,8.96,38.73,18.0,4.6
Bubaque,56,GW,1553303944,99,11.28,-15.83,25.31,6.61
Saint-Augustin,0,FR,1553303730,81,44.83,-0.61,8.33,1.76
Hastings,0,NZ,1553304213,98,-39.64,176.84,18.86,4.11
Van,40,TR,1553302200,92,38.51,43.37,-2.0,2.1
Airai,20,TL,1553303705,77,-8.93,125.41,25.21,1.06
Busselton,0,AU,1553303416,45,-33.64,115.35,17.22,7.36
Albany,90,US,1553303502,74,42.65,-73.75,3.89,9.3
Maragogi,12,BR,1553303555,90,-9.01,-35.22,26.61,4.21
Inongo,32,CD,1553304214,96,-1.93,18.29,23.71,1.16
Terrace Bay,0,CA,1553304014,100,48.78,-87.1,-3.54,2.76
Puerto Ayora,0,EC,1553302819,78,-0.74,-90.35,28.0,3.1
Pangnirtung,8,CA,1553303706,49,66.15,-65.72,-27.54,3.06
Margate,75,AU,1553303656,56,-43.03,147.26,23.33,5.1
Saint-Pierre,0,FR,1553304125,70,48.95,4.24,6.0,2.1
Kapaa,40,US,1553304195,61,22.08,-159.32,26.0,7.7
Cape Town,0,ZA,1553303193,82,-33.93,18.42,21.67,5.7
Bambous Virieux,40,MU,1553303640,94,-20.34,57.76,25.0,0.5
Mahibadhoo,80,MV,1553304216,98,3.78,72.97,29.46,4.01
Mahebourg,40,MU,1553303640,94,-20.41,57.7,25.0,0.5
Kokopo,0,PG,1553304217,98,-4.34,152.27,28.26,1.21
Chama,68,ZM,1553304218,88,-11.22,33.16,20.31,1.46
Punta Arenas,75,CL,1553304188,76,-53.16,-70.91,11.0,5.1
Praia da Vitoria,40,PT,1553302903,82,38.73,-27.07,16.0,6.81
Severo-Kurilsk,80,RU,1553304218,97,50.68,156.12,-0.19,4.11
Castro,90,CL,1553299200,100,-42.48,-73.76,12.0,6.7
Dikson,44,RU,1553303683,100,73.51,80.55,-16.19,7.71
Ayr,64,GB,1553304166,75,55.46,-4.63,5.0,6.7
Coahuayana,0,MX,1553303792,24,18.62,-100.35,29.01,1.76
Mount Gambier,90,AU,1553299200,82,-37.83,140.78,19.0,7.2
Mataura,76,NZ,1553304219,56,-46.19,168.86,22.26,2.21
Leningradskiy,0,RU,1553303743,89,69.38,178.42,-23.54,2.26
Bredasdorp,56,ZA,1553303706,93,-34.53,20.04,17.78,1.0
Victoria,90,BN,1553301000,83,5.28,115.24,28.0,0.5
Coronel Martinez,0,PY,1553304220,75,-25.75,-56.62,20.61,1.91
Hobart,75,AU,1553303476,56,-42.88,147.33,23.33,5.1
Inta,88,RU,1553304220,91,66.04,60.13,-2.04,2.31
Vaini,0,IN,1553299200,40,15.34,74.49,21.0,0.76
Zhigalovo,80,RU,1553304221,68,54.81,105.15,-2.69,2.86
Bluff,0,AU,1553303642,59,-23.58,149.07,29.06,3.81
Geraldton,5,CA,1553299200,35,49.72,-86.95,-3.0,1.0
Chernyshevskiy,68,RU,1553304221,86,63.01,112.47,-7.14,2.06
Haines Junction,12,CA,1553303784,53,60.75,-137.51,8.01,1.61
Jamestown,92,AU,1553303659,69,-33.21,138.6,22.66,5.26
Barrow,0,AR,1553303693,58,-38.31,-60.23,17.56,4.36
Sri Aman,75,MY,1553299200,94,1.24,111.46,26.0,1.0
Butaritari,92,KI,1553303702,100,3.07,172.79,24.76,1.51
Kruisfontein,88,ZA,1553303673,86,-34.0,24.73,18.96,3.91
Rongcheng,92,CN,1553304222,67,37.16,122.42,6.56,5.96
Tefe,44,BR,1553304223,82,-3.35,-64.71,27.26,2.36
Souillac,0,FR,1553303529,65,45.6,-0.6,8.33,2.21
Namibe,0,AO,1553303776,100,-15.19,12.15,25.51,0.96
Isangel,75,VU,1553299200,74,-19.55,169.27,31.0,6.7
Avarua,68,CK,1553301000,79,-21.21,-159.78,30.0,4.1
Ipixuna,75,BR,1553299200,94,-1.76,-48.8,25.0,1.0
Komsomolskiy,36,RU,1553304224,85,67.55,63.78,-8.04,1.51
Cayenne,40,GF,1553301000,78,4.94,-52.33,27.0,4.1
Akureyri,90,IS,1553302800,79,65.68,-18.09,-3.0,2.6
Conakry,75,GN,1553302800,78,9.52,-13.7,27.0,3.1
Ostrovnoy,20,RU,1553303657,79,68.05,39.51,-7.09,7.26
Mogapi,44,BW,1553304224,74,-22.32,27.84,21.06,6.91
Manono,44,CD,1553304225,86,-7.3,27.4,22.86,1.56
Tolna,0,HU,1553304225,72,46.42,18.79,2.26,1.21
Channel-Port aux Basques,92,CA,1553304225,95,47.57,-59.14,0.51,23.31
Callaway,1,US,1553304214,74,46.98,-95.91,2.22,1.66
Boditi,76,ET,1553304226,44,6.95,37.86,18.01,1.16
Caravelas,92,BR,1553303791,100,-17.73,-39.27,27.06,9.41
Sekondi,8,GH,1553304226,100,4.94,-1.71,27.76,3.51
Fuxin,0,CN,1553304226,37,42.02,121.65,-1.14,6.46
Mount Isa,75,AU,1553301000,51,-20.73,139.49,30.0,8.2
Zacatepec,92,MX,1553304226,97,20.06,-98.01,12.11,0.51
Arraial do Cabo,75,BR,1553299200,78,-22.97,-42.02,23.0,2.1
Tuktoyaktuk,75,CA,1553299200,64,69.44,-133.03,-17.0,6.7
Kirovskiy,64,RU,1553304227,67,45.09,133.51,-4.89,1.21
Marystown,88,CA,1553303790,100,47.17,-55.16,3.33,13.56
Lalmohan,0,BD,1553304228,92,22.34,90.74,24.06,2.96
Kenai,1,US,1553303740,52,60.55,-151.26,9.0,6.7
Yerbogachen,80,RU,1553303744,85,61.28,108.01,-3.99,3.41
Volsk,48,RU,1553304228,87,52.04,47.39,-4.99,1.31
Polyanka,0,UA,1553304228,58,50.26,27.69,-0.09,5.46
Northam,75,GB,1553304134,87,51.04,-4.21,9.0,1.5
Novikovo,76,UA,1553304229,100,45.05,34.56,5.86,5.36
Saint-Philippe,90,CA,1553303688,86,45.36,-73.48,3.33,7.2
East London,88,ZA,1553303766,99,-33.02,27.91,23.86,9.36
Bukachacha,0,RU,1553304229,68,52.99,116.91,-13.49,1.31
Berlevag,76,NO,1553303646,100,70.86,29.09,-1.59,9.41
Helong,92,CN,1553304230,95,25.94,116.13,11.21,1.51
Cherskiy,0,RU,1553303690,64,68.75,161.3,-17.79,1.21
Natal,20,BR,1553302800,83,-5.81,-35.21,28.0,1.5
Mpigi,12,UG,1553304230,100,0.23,32.32,23.36,1.56
Balsas,92,BR,1553304157,95,-7.53,-46.04,22.71,1.41
Frontera,5,MX,1553301600,73,18.53,-92.64,24.0,5.76
Kiunga,76,PG,1553303648,88,-6.12,141.3,25.96,1.31
Kambove,20,CD,1553304232,65,-10.88,26.6,19.56,3.21
San Policarpo,8,PH,1553304232,85,12.18,125.51,27.01,4.46
Khatanga,12,RU,1553303650,53,71.98,102.47,-27.99,1.96
Chuy,88,UY,1553303668,82,-33.69,-53.46,17.76,3.66
Pulandian,0,CN,1553301000,44,39.4,121.96,4.0,7.0
Quatre Cocos,40,MU,1553303940,94,-20.21,57.76,25.0,0.5
Faanui,80,PF,1553303691,100,-16.48,-151.75,29.06,3.51
Valparaiso,1,US,1553304046,69,41.47,-87.06,1.11,3.1
Ballina,24,IE,1553304123,78,54.11,-9.15,6.67,1.34
Daru,92,SL,1553303698,76,7.99,-10.85,25.51,1.41
Vila do Maio,20,CV,1553302800,68,15.13,-23.22,21.0,5.1
Saint George,0,GR,1553303758,78,39.45,22.34,1.71,1.26
Podporozhye,12,RU,1553304235,88,60.91,34.16,-1.84,2.31
Yuzhno-Kurilsk,56,RU,1553304235,100,44.03,145.86,-3.49,8.41
Narsaq,80,GL,1553302200,85,60.91,-46.05,-5.0,2.1
Wanning,0,AT,1553304228,86,48.64,13.53,7.22,2.1
Touros,20,BR,1553299200,88,-5.2,-35.46,27.0,1.5
Ilulissat,0,GL,1553302200,42,69.22,-51.1,-24.0,3.1
Kirensk,88,RU,1553304237,78,57.78,108.12,-1.04,4.01
Salto,0,UY,1553303813,73,-31.39,-57.96,16.67,0.89
Mar del Plata,92,AR,1553303658,74,-46.43,-67.52,16.16,6.26
Nanortalik,88,GL,1553303657,98,60.14,-45.24,0.66,12.11
Kahului,20,US,1553303633,57,20.89,-156.47,26.0,7.7
Bosaso,0,SO,1553304016,100,11.28,49.18,24.76,3.41
New Norfolk,75,AU,1553303355,56,-42.78,147.06,23.33,5.1
Flinders,56,AU,1553303757,69,-34.58,150.85,28.33,2.6
Santa Vitoria do Palmar,88,BR,1553304238,82,-33.52,-53.37,17.76,3.66
Port Moresby,40,PG,1553302800,70,-9.47,147.16,32.0,2.6
Hit,20,IQ,1553304238,61,33.64,42.83,8.61,1.31
Terrell,1,US,1553304219,32,32.74,-96.28,22.22,2.36
Mbabane,92,SZ,1553302800,100,-26.33,31.14,20.0,2.1
Namatanai,12,PG,1553304239,95,-3.66,152.44,29.21,0.91
Sayyan,0,YE,1553304239,80,15.17,44.32,6.56,0.61
Iquique,0,CL,1553299200,73,-20.22,-70.14,21.0,6.7
Cao Bang,80,VN,1553304239,100,22.67,106.25,15.76,2.41
Yeppoon,0,AU,1553301000,58,-23.13,150.74,30.0,3.6
Camabatela,92,AO,1553304240,96,-8.19,15.37,18.71,1.31
Upernavik,20,GL,1553303692,100,72.79,-56.15,-24.44,2.76
Pinega,88,RU,1553304240,95,64.7,43.39,-2.89,1.16
Sinnamary,92,GF,1553304240,95,5.38,-52.96,26.46,5.76
Panzos,92,GT,1553304240,77,15.4,-89.67,23.36,1.71
Ambulu,20,ID,1553303728,100,-8.35,113.61,25.76,1.96
Vila,0,IT,1553304225,69,45.18,8.4,11.11,3.6
Sao Filipe,0,CV,1553303649,99,14.9,-24.5,21.16,5.71
Saskylakh,36,RU,1553303646,77,71.97,114.09,-20.14,7.81
Sheltozero,88,RU,1553304242,93,61.37,35.37,-1.24,4.21
San Andres,68,PH,1553303532,100,13.32,122.68,26.31,2.16
Saquena,48,PE,1553304243,80,-4.67,-73.52,26.96,3.01
Bay Roberts,90,CA,1553303620,92,47.58,-53.28,2.22,7.7
Port Alfred,44,ZA,1553303445,95,-33.59,26.89,18.89,5.36
Payo,100,ID,1553304243,98,-3.75,103.64,23.06,1.86
Richards Bay,20,ZA,1553303740,99,-28.77,32.06,18.96,0.96
Merauke,56,ID,1553304243,98,-8.49,140.4,27.11,4.56
Riyadh,0,SA,1553299200,48,24.63,46.72,18.0,1.5
Dustlik,92,UZ,1553304244,92,40.53,68.03,9.71,1.46
Carnarvon,20,ZA,1553303655,50,-30.97,22.13,12.51,3.31
Provideniya,92,RU,1553303679,100,64.42,-173.23,-9.44,8.16
Walvis Bay,0,NA,1553302800,87,-22.95,14.51,16.11,3.1
Pisco,0,PE,1553299200,30,-13.71,-76.2,22.0,7.7
Yafran,32,LY,1553304245,89,32.06,12.53,6.36,0.91
Dolores,0,UY,1553304245,75,-33.53,-58.22,15.06,2.11
Kutum,0,SD,1553304221,28,14.2,24.66,16.61,2.96
Hasaki,75,JP,1553302942,80,35.73,140.83,6.0,3.1
Bathsheba,80,BB,1553303496,100,13.22,-59.52,25.46,9.41
Mau,0,IN,1553304245,46,25.94,83.57,18.71,4.16
Miri,12,NG,1553304246,59,10.31,9.75,23.06,1.61
Port Hardy,90,CA,1553301960,54,50.7,-127.42,13.0,8.7
Nelson Bay,12,AU,1553304145,60,-32.72,152.14,27.78,2.6
Pochutla,75,MX,1553303787,69,15.74,-96.47,28.0,2.91
Antalaha,68,MG,1553304247,89,-14.9,50.28,25.76,3.71
Pouebo,68,NC,1553304247,79,-20.4,164.57,28.36,2.96
Stanghelle,75,NO,1553304218,70,60.55,5.74,7.0,12.9
Muros,0,ES,1553303749,81,42.77,-9.06,12.22,2.86
Lamar,90,US,1553303788,93,38.09,-102.62,7.0,4.1
Kharan,68,PK,1553304249,53,28.58,65.42,17.86,1.86
Lompoc,1,US,1553303512,55,34.64,-120.46,17.78,4.6
Arman,80,RU,1553304249,79,59.7,150.17,-4.89,4.91
Mantua,0,IT,1553304243,61,45.16,10.79,11.11,2.6
Hilo,90,US,1553303657,64,19.71,-155.08,24.0,4.6
Tommot,64,RU,1553304250,66,58.97,126.27,-11.79,2.76
Georgetown,20,GY,1553299200,74,6.8,-58.16,27.0,5.1
San Cristobal,40,EC,1553302828,93,-0.39,-78.55,15.0,1.0
Kalabo,64,ZM,1553304251,36,-15.0,22.67,24.96,4.56
Kingaroy,0,AU,1553304174,65,-26.54,151.84,30.56,2.6
Ankeny,1,US,1553304076,69,41.73,-93.6,10.0,2.1
San Clemente,1,US,1553304238,76,33.43,-117.61,17.22,3.6
Gambela,56,ET,1553303761,77,8.25,34.59,21.16,1.31
Huambo,24,AO,1553304252,95,-12.78,15.73,14.26,1.16
Prince Rupert,90,CA,1553303760,81,54.32,-130.32,9.0,2.1
Coruripe,0,BR,1553304253,96,-10.12,-36.18,28.66,7.46
Korhogo,56,CI,1553303959,46,9.46,-5.63,27.91,3.86
Markova,0,RU,1553303793,79,52.21,104.21,-6.0,1.0
Darovskoy,48,RU,1553304253,74,58.77,47.96,-6.84,1.26
Cabo San Lucas,5,MX,1553303427,41,22.89,-109.91,24.44,3.1
Lisakovsk,0,KZ,1553304253,66,52.55,62.49,-9.89,1.31
Ahipara,48,NZ,1553303696,70,-35.17,173.16,23.36,1.46
Caruray,20,PH,1553299200,65,10.31,119.01,27.0,2.1
Filingue,0,NE,1553304047,19,14.35,3.32,26.26,5.91
Cockburn Town,76,TC,1553304025,100,21.46,-71.14,25.76,1.01
Celendin,56,PE,1553304255,81,-6.87,-78.15,15.61,0.81
Yar-Sale,76,RU,1553303774,90,66.83,70.83,-7.74,4.11
Los Llanos de Aridane,90,ES,1553303402,59,28.66,-17.92,18.0,8.2
Pevek,0,RU,1553303775,86,69.7,170.27,-21.09,1.96
Khandyga,0,RU,1553303962,53,62.65,135.58,-20.64,1.16
Pasinler,0,TR,1553302200,85,39.98,41.67,-6.0,1.0
Wageningen,90,NL,1553304249,93,51.98,5.66,8.89,2.6
Paliseul,0,BE,1553304182,70,49.9,5.13,8.33,1.5
Guerrero Negro,0,MX,1553303770,51,27.97,-114.04,19.91,6.41
Hofn,56,IS,1553304244,100,64.25,-15.21,3.06,13.01
Yulara,0,AU,1553299200,14,-25.24,130.99,33.0,3.1
Zaranj,75,AF,1553299200,48,30.95,61.86,16.0,8.2
Ancud,90,CL,1553299200,100,-41.87,-73.83,12.0,6.7
Kirakira,20,SB,1553303806,100,-10.46,161.92,29.26,2.11
Te Anau,24,NZ,1553303827,56,-45.41,167.72,20.06,1.61
Ponta do Sol,92,BR,1553303747,93,-20.63,-46.0,19.11,4.01
Diebougou,20,BF,1553304257,38,10.97,-3.25,24.06,2.56
Axim,8,GH,1553304257,96,4.87,-2.24,28.76,4.91
Gat,36,SN,1553301000,88,14.69,-16.54,19.0,4.6
Kaitangata,12,NZ,1553303687,86,-46.28,169.85,18.76,2.46
Nome,1,US,1553303666,40,30.04,-94.42,22.0,2.6
Mollendo,0,PE,1553304258,74,-17.03,-72.02,16.61,1.21
Starominskaya,88,RU,1553304258,96,46.54,39.06,4.76,5.46
Vila Velha,24,BR,1553303604,100,-3.71,-38.6,27.78,0.45
Ximei,75,TW,1553304093,93,23.74,120.51,23.89,5.7
Hassleholm,88,SE,1553304238,93,56.16,13.77,8.33,3.1
Kuching,75,MY,1553301000,78,1.56,110.34,27.0,1.0
Catuday,68,PH,1553304259,89,16.29,119.81,27.01,2.01
Jiaohe,68,CN,1553304259,86,43.72,127.34,-4.69,1.61
Anadyr,0,RU,1553303588,76,64.73,177.51,-22.78,11.0
Presidencia Roque Saenz Pena,0,AR,1553304260,60,-26.79,-60.44,20.51,3.61
Mangla,24,IN,1553304260,48,32.54,76.11,3.56,1.01
Itarema,80,BR,1553303471,98,-2.92,-39.92,24.06,0.51
Port Macquarie,32,AU,1553304005,64,-31.43,152.91,31.67,2.1
Poum,0,MK,1553303709,85,41.28,20.71,-0.79,0.76
Rio Grande,88,BR,1553304261,100,-32.03,-52.1,17.41,3.91
Khovu-Aksy,0,RU,1553304261,57,51.13,93.72,-18.44,1.06
Painesville,90,US,1553304252,63,41.72,-81.25,0.0,8.7
Saldanha,0,PT,1553303671,82,41.42,-6.55,1.56,1.56
Almaznyy,40,RU,1553301000,93,48.03,40.04,4.0,7.0
Kitimat,75,CA,1553303770,50,54.02,-128.69,11.0,5.7
Guhagar,0,IN,1553304262,99,17.48,73.19,22.21,3.46
Longyearbyen,75,NO,1553302200,79,78.22,15.63,-5.0,4.6
Nikolskoye,0,RU,1553303624,79,59.7,30.79,0.56,3.0
Kalmunai,0,LK,1553303788,97,7.42,81.82,22.76,1.46
Marzuq,0,YE,1553304263,65,14.4,46.47,8.51,1.16
Cubuk,0,TR,1553304068,75,40.24,33.03,4.44,1.0
Bethel,75,US,1553298960,61,60.79,-161.76,8.0,5.7
San Quintin,0,PH,1553303991,61,17.54,120.52,24.21,1.61
Korcula,0,HR,1553302800,100,42.96,17.14,9.0,1.0
Papillion,1,US,1553304215,43,41.15,-96.04,13.0,3.06
Henties Bay,0,NA,1553299329,89,-22.12,14.28,16.11,2.24
Teguldet,92,RU,1553304266,86,57.31,88.17,-4.29,0.71
Lasa,0,CY,1553303803,66,34.92,32.53,12.0,4.6
Tungor,36,RU,1553304266,94,53.39,142.95,-14.19,6.16
Atasu,88,KZ,1553303826,65,48.68,71.64,-0.39,1.86
Yugorsk,76,RU,1553304267,75,61.32,63.33,-5.54,1.16
Katobu,12,ID,1553304267,100,-4.94,122.53,25.61,1.06
Cidreira,76,BR,1553303725,100,-30.17,-50.22,17.26,5.36
Chapayevka,40,RU,1553301000,37,53.06,158.83,2.0,7.0
Ulladulla,12,AU,1553303869,69,-35.36,150.48,23.89,2.6
Srikakulam,0,IN,1553304113,100,18.29,83.89,26.21,2.56
Coihaique,90,CL,1553299200,93,-45.58,-72.07,11.0,1.5
Nokaneng,0,BW,1553304268,33,-19.66,22.19,24.76,4.61
Nerchinskiy Zavod,0,RU,1553304268,54,51.31,119.61,-10.59,1.96
Grindavik,90,IS,1553302897,92,63.84,-22.43,-0.57,16.5
Tiksi,36,RU,1553304268,70,71.64,128.87,-14.29,1.86
Manhattan,1,US,1553304202,36,39.18,-96.57,16.0,3.1
Thunder Bay,5,CA,1553303976,63,48.41,-89.26,-1.0,1.0
Manzhouli,0,CN,1553304269,55,49.6,117.43,-10.74,2.86
Tigil,48,RU,1553304269,83,57.8,158.67,-1.44,8.16
Vostok,8,RU,1553304258,48,46.45,135.83,-8.74,1.46
Raudeberg,92,NO,1553304003,70,61.99,5.14,6.0,14.4
Bukama,64,CD,1553304270,96,-9.2,25.85,20.86,0.86
Kavaratti,0,IN,1553303798,100,10.57,72.64,28.71,4.66
Birao,0,CF,1553304270,33,10.3,22.78,21.21,2.41
Aliaga,40,PH,1553299200,65,15.5,120.85,27.0,3.1
Charlestown,90,US,1553304216,80,41.38,-71.64,6.11,4.1
Batemans Bay,24,AU,1553304088,80,-35.71,150.18,25.0,5.36
Sukumo,44,JP,1553304271,75,32.94,132.72,9.66,4.96
Sisimiut,0,GL,1553304075,49,66.94,-53.67,-34.94,0.76
Nizwa,0,OM,1553304018,77,22.93,57.53,15.71,1.71
Milkovo,0,BG,1553303886,81,41.53,24.68,11.11,2.1
Fairbanks,90,US,1553304246,42,64.84,-147.72,13.33,1.5
Rio Gallegos,90,AR,1553299200,81,-51.62,-69.22,11.0,4.6
Lata,0,IN,1553303749,63,30.78,78.62,-0.04,1.16
Maraa,32,BR,1553304272,83,-1.83,-65.37,27.26,1.61
Sioux Lookout,20,CA,1553299200,37,50.1,-91.92,3.0,1.5
Omsukchan,8,RU,1553304273,84,62.53,155.8,-8.79,2.11
Shimoda,75,JP,1553299200,65,34.7,138.93,11.0,9.3
Tiznit,0,MA,1553304273,82,29.7,-9.73,14.31,1.41
Lavrentiya,80,RU,1553303719,100,65.58,-170.99,-10.39,9.76
Bulolo,20,PG,1553304273,85,-7.2,146.64,21.41,0.91
Maumere,0,ID,1553304273,94,-8.63,122.22,28.76,7.11
Vardo,1,US,1553303479,48,39.62,-77.74,5.0,6.2
Fortuna,20,ES,1553303774,54,38.18,-1.13,15.0,1.5
Batticaloa,44,LK,1553304274,100,7.71,81.69,25.56,0.51
Linxia,36,CN,1553303718,74,35.6,103.21,-9.04,0.96
Boone,1,US,1553304274,39,36.22,-81.67,14.0,11.3
Clinton,1,US,1553304272,56,41.84,-90.19,8.33,2.1
Codrington,8,AU,1553303868,69,-28.95,153.24,28.89,3.1
Kendari,32,ID,1553304029,98,-3.99,122.52,24.91,1.66
Awbari,20,LY,1553303787,34,26.59,12.77,9.71,2.01
Meulaboh,32,ID,1553303710,100,4.14,96.13,26.16,2.11
Pierre,1,US,1553303945,86,44.37,-100.35,4.44,5.1
Grafton,0,AU,1553304193,61,-29.69,152.93,28.89,2.1
Mabaruma,0,GY,1553304276,77,8.2,-59.78,25.71,3.81
Rudnyy,0,KZ,1553301000,92,52.96,63.12,-6.0,2.0
Formosa,0,AR,1553299200,77,-26.19,-58.17,21.0,2.6
Avera,1,US,1553303657,29,33.19,-82.53,18.0,3.1
Mayskiy,75,RU,1553299200,74,43.63,44.06,3.0,3.0
Marsa Matruh,40,EG,1553302800,87,31.35,27.25,16.0,2.6
Vila Franca do Campo,75,PT,1553303454,87,37.72,-25.43,14.0,4.1
Mattru,80,SL,1553304278,79,7.62,-11.83,27.01,1.91
Boca do Acre,0,BR,1553303714,81,-8.76,-67.39,26.86,1.46
Deputatskiy,0,RU,1553303803,50,69.3,139.9,-28.19,1.61
Kluang,75,MY,1553303880,94,2.04,103.32,27.22,1.81
Onverwacht,0,SR,1553304012,88,5.59,-55.2,27.0,3.1
Bonthe,44,SL,1553303802,82,7.53,-12.5,27.36,2.41
Alice Springs,0,AU,1553301000,26,-23.7,133.88,35.0,6.2
Jorpeland,0,NO,1553304244,81,59.02,6.04,7.0,3.6
Kavieng,8,PG,1553303448,100,-2.57,150.8,28.46,3.46
Gurlan,20,UZ,1553301000,87,41.84,60.39,9.0,4.1
Nouakchott,0,MR,1553302800,88,18.08,-15.98,18.0,4.6
Sangar,76,RU,1553304281,61,63.92,127.47,-15.79,6.31
Xining,56,CN,1553304034,78,36.62,101.77,-8.14,0.41
Hachinohe,32,JP,1553304007,88,40.47,141.48,1.11,3.56
Vestmannaeyjar,88,IS,1553304282,97,63.44,-20.27,2.46,15.76
Aguimes,20,ES,1553304168,68,27.91,-15.45,18.0,9.8
Lerwick,48,GB,1553302200,96,60.15,-1.15,6.0,20.1
Pontianak,20,ID,1553301000,94,-0.02,109.34,24.0,1.86
Brae,48,GB,1553302200,60,60.4,-1.35,6.0,18.5
Qidong,0,CN,1553304018,56,31.81,121.66,10.56,1.41
Hovd,75,NO,1553304264,86,63.83,10.7,6.11,3.1
Tondano,20,ID,1553301000,70,1.3,124.91,29.0,2.1
North Platte,90,US,1553303690,50,41.12,-100.77,12.0,4.6
Shakawe,0,BW,1553304284,45,-18.36,21.84,22.36,2.56
Atambua,0,ID,1553304284,96,-9.11,124.89,28.16,4.21
Havre-Saint-Pierre,90,CA,1553302800,95,50.23,-63.6,1.0,7.2
Port Lincoln,32,AU,1553304010,89,-34.72,135.86,20.21,2.66
Guane,0,CU,1553304284,48,22.2,-84.09,24.36,2.76
Arlit,68,NE,1553303811,30,18.74,7.39,21.31,4.51
Anahuac,1,US,1553303750,40,29.77,-94.68,22.22,2.6
Varnamo,92,SE,1553303724,100,57.19,14.04,6.11,4.1
Siwana,8,IN,1553304285,46,25.65,72.42,15.86,2.06
Hithadhoo,80,MV,1553304285,99,-0.6,73.08,29.86,2.16
Tsuruoka,75,JP,1553299200,55,38.61,139.81,3.0,8.7
Fort Nelson,20,CA,1553302800,26,58.81,-122.69,16.0,1.0
Saint Pete Beach,1,US,1553304284,55,27.73,-82.74,18.0,2.1
Huilong,92,CN,1553304286,97,28.89,110.18,5.11,1.51
Palmer,40,AU,1553304265,68,-34.85,139.16,25.56,4.1
Comodoro Rivadavia,90,AR,1553299200,87,-45.87,-67.48,15.0,1.0
Alyangula,92,AU,1553299200,70,-13.85,136.42,29.0,6.2
Norman Wells,90,CA,1553299200,79,65.28,-126.83,-5.0,1.5
Kankakee,1,US,1553304195,74,41.12,-87.86,3.33,5.1
Carutapera,100,BR,1553304287,87,-1.2,-46.02,26.26,3.16
Jining,0,CN,1553303836,21,35.41,116.58,12.22,0.89
Gao,68,ML,1553304288,24,16.28,-0.04,23.41,2.86
Warah,12,YE,1553303739,90,13.4,44.12,11.91,1.01
Naze,40,NG,1553302800,94,5.43,7.07,25.0,2.11
Inhambane,48,MZ,1553303763,100,-23.87,35.38,24.11,4.41
Acari,12,BR,1553304288,96,-6.44,-36.64,21.91,1.66
Lubartow,0,PL,1553304246,64,51.46,22.61,3.0,1.0
San Joaquin,12,PH,1553304289,75,10.59,122.14,26.26,4.26
Vao,48,EE,1553303697,77,59.1,26.19,-6.39,1.76
Kidal,92,ML,1553304289,13,18.44,1.41,22.21,3.71
Gigmoto,0,PH,1553304290,97,13.78,124.39,26.36,3.46
Palauig,20,PH,1553304290,81,15.44,119.9,25.71,1.61
Thompson,40,CA,1553302800,48,55.74,-97.86,6.0,4.1
Iqaluit,75,CA,1553303562,67,63.75,-68.52,-30.0,3.1
Bjornevatn,90,NO,1553302200,86,69.67,29.98,0.0,13.9
Listvyanskiy,12,RU,1553304291,57,54.44,83.49,-11.49,3.41
Kampong Thum,8,KH,1553304291,89,12.71,104.89,25.46,4.01
Beberibe,20,BR,1553303604,95,-4.18,-38.13,27.22,0.45
Batagay-Alyta,64,RU,1553304291,65,67.8,130.41,-21.24,0.96
Shelburne,90,CA,1553304241,68,44.08,-80.2,-2.22,9.3
Aksarka,76,RU,1553304292,88,66.56,67.8,-6.79,2.26
Dwarka,0,IN,1553301000,59,28.58,77.04,17.0,4.1
Scarborough,44,GB,1553303725,76,54.28,-0.41,10.0,4.6
Sabang,0,PH,1553304292,87,13.72,123.58,26.46,2.96
Jesup,1,US,1553304183,38,31.61,-81.89,18.0,3.56
Tuatapere,56,NZ,1553303743,73,-46.13,167.69,18.71,1.41
Tianpeng,92,CN,1553304293,100,28.88,112.34,7.86,4.31
Tulun,20,RU,1553304293,71,54.56,100.58,-1.79,3.41
Monmouth,90,GB,1553304248,100,51.81,-2.72,10.0,2.6
Mao,20,DO,1553303874,74,19.55,-71.08,26.0,3.1
Araxa,76,BR,1553304261,89,-19.59,-46.94,18.56,5.41
Hamilton,75,BM,1553303119,72,32.3,-64.78,20.0,9.3
Inuvik,90,CA,1553302800,66,68.36,-133.71,-9.0,6.2
Mae Hong Son,0,MM,1553299200,82,19.3,97.96,17.0,0.51
Adjumani,12,UG,1553304296,95,3.38,31.79,17.66,1.16
Paredon,100,BO,1553304297,95,-18.93,-65.16,9.86,1.16
Puerto Colombia,75,CO,1553299200,78,10.99,-74.96,26.0,5.1
Serebryanyy Bor,44,RU,1553304297,59,56.8,124.8,-16.14,1.21
Breves,92,BR,1553304006,89,-1.68,-50.48,26.01,3.31
Huallanca,92,PE,1553304297,100,-9.9,-76.94,6.16,0.91
Balkanabat,0,TM,1553304298,78,39.51,54.36,-1.14,0.81
Sistranda,20,NO,1553304264,75,63.73,8.83,6.11,7.2
Takoradi,8,GH,1553304298,100,4.89,-1.75,27.76,3.51
Jos,76,NG,1553304298,54,9.92,8.9,23.11,2.11
Ugoofaaru,88,MV,1553304298,95,5.67,73.0,29.86,3.71
Sompeta,0,IN,1553304299,87,18.93,84.6,20.81,1.51
Haren,0,NL,1553304297,93,53.17,6.61,7.78,2.1
Vaitape,92,PF,1553304299,100,-16.52,-151.75,28.86,3.96
Jizan,20,SA,1553299200,78,16.89,42.56,27.0,2.6
Hatillo,90,PR,1553304044,94,18.49,-66.83,25.56,2.6
Wanaka,32,NZ,1553304300,67,-44.7,169.14,17.61,1.21
Piranhas,20,BR,1553304300,98,-9.61,-37.76,22.01,0.71
Yenagoa,32,NG,1553304300,89,4.92,6.26,25.86,3.16
Cap-aux-Meules,90,CA,1553302800,92,47.38,-61.86,1.0,11.8
Kamiiso,75,JP,1553300760,69,41.82,140.65,0.0,5.1
Kalmar,68,SE,1553303703,100,56.66,16.36,6.11,4.6
Karaton,20,ID,1553304283,78,-6.34,106.1,27.78,4.6
Tazmalt,40,DZ,1553304101,93,36.39,4.4,12.0,3.1
Aklavik,90,CA,1553302800,66,68.22,-135.01,-9.0,6.2
Huarmey,12,PE,1553303759,64,-10.07,-78.15,22.21,1.41
Pitimbu,20,BR,1553299200,83,-7.47,-34.81,28.0,2.6
Tacuarembo,0,UY,1553304302,72,-31.73,-55.98,14.36,2.76
Luderitz,0,NA,1553304302,92,-26.65,15.16,14.56,3.36
Boshnyakovo,68,RU,1553304303,94,49.65,142.17,-10.94,5.06
Peniche,0,PT,1553304038,47,39.36,-9.38,15.0,3.1
Keti Bandar,8,PK,1553304303,95,24.14,67.45,23.71,5.91
Guiberoua,8,CI,1553304303,93,6.24,-6.17,22.46,0.61
Esperance,75,TT,1553304006,74,10.24,-61.45,27.0,2.6
Havelock,1,US,1553303773,47,34.88,-76.9,15.0,4.1
Wajima,75,JP,1553299200,47,37.4,136.9,3.0,3.1
Hualmay,20,PE,1553303826,76,-11.1,-77.61,22.41,2.16
Husavik,0,CA,1553303452,72,50.56,-96.99,1.67,2.68
Pimentel,80,BR,1553304304,96,-3.7,-45.5,23.31,0.76
Friedland,0,DE,1553304303,100,52.11,14.26,6.11,1.0
Karumbakkam,40,IN,1553301000,88,12.7,80.09,27.0,1.5
Atar,88,MR,1553303771,40,20.52,-13.05,24.86,5.11
Key West,1,US,1553303906,80,47.93,-96.78,0.0,1.81
Champerico,75,MX,1553301660,64,16.38,-93.6,24.0,6.7
Makakilo City,1,US,1553303573,39,21.35,-158.09,29.0,3.6
Mizan Teferi,88,ET,1553304305,94,6.99,35.58,16.16,1.61
San Miguelito,40,HN,1553302800,56,13.74,-87.49,22.0,6.2
Rio Branco,0,BR,1553302800,100,-9.98,-67.82,24.0,1.41
Aykhal,48,RU,1553304306,68,65.95,111.51,-15.99,5.41
Sechura,12,PE,1553304306,70,-5.56,-80.82,25.81,4.51
Karratha,92,AU,1553303446,76,-20.74,116.85,27.76,11.66
Meihekou,32,CN,1553304307,85,42.54,125.69,-4.94,4.31
Xingyi,12,CN,1553304307,67,24.19,102.82,11.11,1.61
Iisalmi,0,FI,1553302200,63,63.56,27.19,-1.0,7.2
Salalah,40,OM,1553298600,78,17.01,54.1,25.0,3.1
Sao Felix do Xingu,80,BR,1553303726,97,-6.64,-51.99,23.96,0.86
Usinsk,44,RU,1553304307,91,66.0,57.56,-3.39,4.06
Masindi,8,UG,1553304308,81,1.69,31.72,19.81,1.31
Houston,1,US,1553304045,32,29.76,-95.37,22.22,3.1
Privolzhye,80,RU,1553304308,91,52.86,48.6,-1.59,1.86
Chino Valley,40,US,1553304251,37,34.76,-112.45,16.67,4.1
Puerto Suarez,0,BO,1553299200,88,-18.96,-57.8,25.0,1.56
Elat,80,CM,1553304309,90,2.91,11.16,22.06,1.01
Varhaug,0,NO,1553304304,81,58.61,5.65,7.0,3.6
Parakai,8,NZ,1553304309,69,-36.66,174.44,24.44,4.1
Antofagasta,0,CL,1553299200,72,-23.65,-70.4,19.0,3.6
Beyneu,0,KZ,1553304310,82,45.32,55.19,1.26,1.31
Kars,0,TR,1553302200,85,40.61,43.1,-6.0,2.1
Juba,0,EE,1553303896,86,57.82,26.93,-1.11,2.1
Zhuzhou,90,CN,1553299200,93,27.84,113.15,8.0,6.0
Yekaterinoslavka,64,RU,1553304312,80,54.34,72.46,-5.69,1.21
Visby,8,SE,1553304263,80,57.64,18.3,5.0,8.7
Kupiskis,0,LT,1553304312,81,55.83,24.97,-3.74,1.61
Nosy Varika,80,MG,1553304313,100,-20.58,48.53,22.86,2.66
Kailua,20,US,1553304284,42,21.39,-157.74,29.0,4.6
Bihoro,40,JP,1553304067,49,43.75,144.14,-1.67,3.1
Ayan,0,TR,1553304313,75,40.67,33.6,-5.89,1.21
Chemal,0,RU,1553304314,54,51.41,86.0,-11.74,0.86
Hami,0,CN,1553303817,72,42.84,93.51,-3.79,2.41
Tambacounda,0,SN,1553299200,38,13.77,-13.67,31.0,4.1
Soresina,5,IT,1553304311,81,45.29,9.86,11.11,2.1
Hirara,75,JP,1553299200,88,24.8,125.28,19.0,6.7
Pacific Grove,90,US,1553304312,71,36.62,-121.92,15.0,3.1
Challapalle,0,IN,1553301000,94,16.12,80.93,24.0,2.41
Kuala Kangsar,75,MY,1553302800,88,4.77,100.94,26.67,2.1
Labuhan,36,ID,1553304315,93,-2.54,115.51,23.81,0.56
Nouadhibou,40,MR,1553299200,82,20.93,-17.03,19.0,4.1
Melito di Porto Salvo,5,IT,1553304304,76,37.92,15.77,13.89,0.5
Brejo Santo,75,BR,1553299200,78,-7.49,-38.99,26.0,1.96
Suchedniow,0,PL,1553304270,100,51.05,20.83,5.0,1.16
Bilma,0,NE,1553303748,15,18.69,12.92,24.76,5.66
Erenhot,0,CN,1553303768,56,43.65,111.97,-11.19,4.66
San Lorenzo de El Escorial,20,ES,1553304253,81,40.59,-4.15,12.78,1.5
Sur,8,OM,1553303773,100,22.57,59.53,21.51,3.66
Bambanglipuro,36,ID,1553304317,98,-7.95,110.28,23.61,1.86
San Juan del Cesar,40,CO,1553302800,55,10.77,-73.01,30.0,5.1
Svetlogorsk,0,RU,1553301000,92,53.14,59.15,-5.0,2.0
Thinadhoo,68,MV,1553304317,100,0.53,72.93,29.56,2.96
Gumdag,0,TM,1553304317,86,39.2,54.59,3.86,1.31
Rovnoye,64,RU,1553304318,95,50.78,46.06,-2.14,3.76
Ngunguru,20,NZ,1553303286,62,-35.62,174.5,25.56,3.58
Okha,36,RU,1553303788,94,53.59,142.95,-14.19,6.16
Houma,0,CN,1553304318,53,35.63,111.36,1.26,0.96
Magalia,90,US,1553304303,76,39.81,-121.58,12.0,5.1
Newport,90,GB,1553304128,100,51.59,-3.0,10.0,2.6
Maldonado,20,UY,1553299200,77,-34.91,-54.96,17.0,3.1
Atocha,40,EC,1553303715,93,-1.22,-78.6,9.0,1.0
La Cruz,0,MX,1553304017,77,23.92,-106.89,21.11,0.89
Tilichiki,20,RU,1553304321,87,60.47,166.1,-13.24,1.86
Aswan,0,EG,1553302800,41,24.09,32.9,24.0,3.1
Mumbwa,0,ZM,1553304321,57,-14.99,27.06,20.61,5.36
Half Moon Bay,90,US,1553303742,93,37.46,-122.43,14.0,6.2
Polunochnoye,64,RU,1553304321,73,60.87,60.43,-6.69,1.21
Camacha,40,PT,1553301000,63,33.08,-16.33,16.0,6.2
Elizabeth City,40,US,1553304318,53,36.3,-76.22,12.0,8.7
Buin,0,CL,1553304246,35,-33.73,-70.74,25.56,3.6
Dubna,76,RU,1553304322,93,56.76,37.14,0.91,6.01
Naranjal,0,PY,1553299200,88,-25.97,-55.19,23.0,1.5
Paita,24,PE,1553304323,61,-5.09,-81.11,26.56,3.91
Saint-Leu,0,RE,1553304038,73,-21.15,55.28,26.0,1.5
Searcy,1,US,1553304180,50,35.25,-91.74,16.11,2.1
Mengcheng,76,CN,1553304323,73,33.26,116.57,7.46,4.46
Kandrian,12,PG,1553304323,84,-6.21,149.55,28.76,1.16
Mindelo,0,PT,1553304064,62,41.31,-8.72,13.33,1.5
Montenegro,0,BR,1553304303,88,-29.68,-51.47,21.0,2.1
Alofi,40,NU,1553302800,62,-19.06,-169.92,29.0,5.1
Zhezkazgan,92,KZ,1553304324,85,47.8,67.71,3.71,2.76
Concepcion,36,CO,1553304325,100,9.56,-73.66,23.36,0.96
Lewistown,1,US,1553304302,60,40.39,-90.15,8.0,2.6
Karla,0,EE,1553304125,80,59.37,24.93,-0.57,3.6
Olean,90,US,1553304310,92,42.08,-78.43,-2.78,5.1
Kaeo,32,NZ,1553303286,62,-35.1,173.78,25.56,3.58
Sitka,64,US,1553303732,76,37.17,-99.65,11.67,1.34
Tsiroanomandidy,48,MG,1553304327,89,-18.77,46.05,15.96,1.76
Shieli,0,KZ,1553304327,82,44.18,66.74,3.41,1.21
Jertih,75,MY,1553299200,88,5.74,102.5,25.0,1.5
Kysyl-Syr,80,RU,1553304328,83,63.9,122.77,-10.14,3.16
Kinablangan,48,PH,1553304328,100,7.69,126.55,26.21,4.31
Baykit,36,RU,1553304328,83,61.68,96.39,-6.79,4.76
Taoudenni,92,ML,1553304328,19,22.68,-3.98,22.16,4.81
Taltal,0,CL,1553304329,85,-25.41,-70.49,16.86,1.06
Zhigansk,76,RU,1553304329,77,66.77,123.37,-11.79,5.26
Ketchikan,90,US,1553298960,66,55.34,-131.65,11.0,2.1
Chase,40,US,1553304319,79,43.89,-85.64,-1.0,3.6
San Luis,0,AR,1553304155,50,-33.3,-66.34,19.36,1.46
Saint-Georges,92,CA,1553303866,97,46.12,-70.67,0.56,4.21
Portobelo,20,PA,1553303841,61,9.55,-79.65,28.33,4.6
Mackenzie,1,CA,1553302800,39,55.34,-123.09,10.0,2.1
La Ronge,5,CA,1553302800,64,55.1,-105.3,10.0,1.5
Jijiga,20,ET,1553304332,57,9.35,42.8,11.61,1.31
Abay,0,KZ,1553301000,92,49.63,72.87,-6.0,2.0
Flin Flon,0,CA,1553304332,63,54.77,-101.88,6.71,3.81
San Juan,20,PH,1553304186,54,14.6,121.03,31.11,2.1
Muli,0,IN,1553304333,42,22.62,71.45,18.76,1.41
