City,Cloudiness,Country,Date,Humidity,Lat,Lng,Max Temp,Wind Speed
Kaitangata,12,NZ,1553299880,86,-46.28,169.85,18.76,2.46
Palmer,20,US,1553299819,82,61.6,-149.11,9.44,1.11
Avera,1,US,1553299992,25,33.19,-82.53,21.0,5.1
Sao Filipe,0,CV,1553299891,99,14.9,-24.5,21.16,5.71
Bakel,44,SN,1553300012,27,14.9,-12.46,26.56,4.26
Lompoc,1,US,1553299816,55,34.64,-120.46,18.33,6.2
Yellowknife,75,CA,1553299776,68,62.45,-114.38,-1.0,6.2
Severo-Kurilsk,80,RU,1553299966,97,50.68,156.12,-0.19,4.11
Henties Bay,0,NA,1553299329,89,-22.12,14.28,16.11,2.24
Nosy Varika,80,MG,1553300013,100,-20.58,48.53,22.86,2.66
Laharpur,0,IN,1553300013,40,27.71,80.9,17.66,4.76
Palatka,1,US,1553300012,20,29.65,-81.64,23.0,1.5
Gat,36,SN,1553297400,82,14.69,-16.54,20.0,3.6
Butaritari,92,KI,1553300014,100,3.07,172.79,24.76,1.51
Hermanus,24,ZA,1553299284,85,-34.42,19.24,17.78,4.02
Toktogul,32,KG,1553300003,84,41.87,72.95,3.33,1.34
Samfya,68,ZM,1553300015,92,-11.37,29.56,19.86,4.11
East London,88,ZA,1553299917,99,-33.02,27.91,23.86,9.36
Lata,0,IN,1553300015,63,30.78,78.62,-0.04,1.16
Leningradskiy,0,RU,1553300015,89,69.38,178.42,-23.54,2.26
Longyearbyen,75,NO,1553298600,73,78.22,15.63,-4.0,4.6
Hilo,20,US,1553299994,57,19.71,-155.08,26.0,5.7
Puerto Carreno,75,CO,1553295600,62,6.19,-67.49,31.0,1.06
Ceyranbatan,90,AZ,1553297400,93,40.54,49.66,7.0,4.6
Tuktoyaktuk,75,CA,1553295600,77,69.44,-133.03,-17.0,6.2
Port Alfred,44,ZA,1553299841,95,-33.59,26.89,18.89,0.89
Cootamundra,92,AU,1553299249,57,-34.64,148.03,23.89,2.68
Rikitea,68,PF,1553299858,99,-23.12,-134.97,26.06,7.76
Port-Gentil,20,GA,1553295600,88,-0.72,8.78,26.0,1.0
Bubaque,56,GW,1553300018,99,11.28,-15.83,25.31,6.61
Vaini,0,IN,1553300018,79,15.34,74.49,16.71,0.76
Qaanaaq,0,GL,1553300018,91,77.48,-69.36,-34.14,4.31
Cap Malheureux,20,MU,1553299741,94,-19.98,57.61,26.0,9.31
Albany,90,US,1553299814,95,42.65,-73.75,3.89,9.8
Torbay,90,CA,1553300006,100,47.66,-52.73,0.56,8.7
Conde,44,BR,1553300019,99,-11.81,-37.61,26.16,2.01
Anaconda,90,US,1553299300,42,46.13,-112.94,9.44,7.7
Carnarvon,20,ZA,1553300020,50,-30.97,22.13,12.51,3.31
Barrow,0,AR,1553299868,58,-38.31,-60.23,17.56,4.36
Saskylakh,36,RU,1553300020,77,71.97,114.09,-20.14,7.81
Laguna,20,MX,1553294640,21,27.52,-110.01,26.0,6.2
Kloulklubed,75,PW,1553298600,74,7.04,134.26,28.0,4.1
Norman Wells,90,CA,1553295600,79,65.28,-126.83,-5.0,1.0
Chuy,88,UY,1553300021,82,-33.69,-53.46,17.76,3.66
Atuona,0,PF,1553299857,100,-9.8,-139.03,27.86,7.01
Kruisfontein,88,ZA,1553300020,86,-34.0,24.73,18.96,3.91
Vardo,40,US,1553299821,41,39.62,-77.74,6.0,9.3
Pajapan,40,MX,1553294940,73,18.26,-94.69,25.0,6.2
Cape Town,0,ZA,1553299970,82,-33.93,18.42,21.67,5.1
Bluff,0,AU,1553300022,59,-23.58,149.07,29.06,3.81
Punta Arenas,75,CL,1553299393,62,-53.16,-70.91,13.0,3.1
Ostrovnoy,20,RU,1553300023,79,68.05,39.51,-7.09,7.26
Mackenzie,1,CA,1553295600,42,55.34,-123.09,9.0,3.1
Samarai,56,PG,1553300023,100,-10.62,150.67,27.56,4.31
Jamestown,92,AU,1553300024,69,-33.21,138.6,22.66,5.26
Acapulco,5,MX,1553295420,70,16.86,-99.88,29.0,4.1
Flin Flon,20,CA,1553295600,46,54.77,-101.88,10.0,4.6
Bathsheba,75,BB,1553295600,74,13.22,-59.52,26.0,9.8
Namibe,0,AO,1553299864,100,-15.19,12.15,25.51,0.96
Luau,20,CD,1553300025,82,-10.7,22.23,19.96,0.96
Payo,100,ID,1553300025,98,-3.75,103.64,23.06,1.86
Tura,8,IN,1553299893,96,25.52,90.21,15.71,1.86
Bethel,1,US,1553298960,85,60.79,-161.76,7.0,4.1
Saldanha,0,PT,1553300026,82,41.42,-6.55,1.56,1.56
Zhigansk,76,RU,1553300027,77,66.77,123.37,-11.79,5.26
Saint-Philippe,90,CA,1553300012,93,45.36,-73.48,3.33,9.3
Alofi,40,NU,1553295600,62,-19.06,-169.92,29.0,5.1
Ushuaia,90,AR,1553295600,93,-54.81,-68.31,8.0,3.1
Zhuhai,0,CN,1553295600,55,40.71,112.04,-13.0,2.0
Hokitika,0,NZ,1553300029,97,-42.72,170.96,17.76,1.01
Nemuro,75,JP,1553297400,62,43.32,145.57,-4.0,3.6
Tual,0,ID,1553300029,95,-5.67,132.75,29.46,5.66
Mahebourg,20,MU,1553299741,94,-20.41,57.7,26.0,6.06
Broome,8,GB,1553300012,87,52.47,1.45,10.0,2.6
Port Hedland,92,AU,1553297400,88,-20.31,118.58,28.0,8.2
Hervey Bay,75,AU,1553299812,66,-25.3,152.85,32.78,2.6
Jijiga,20,ET,1553300030,57,9.35,42.8,11.61,1.31
Kapaa,40,US,1553299995,65,22.08,-159.32,26.0,7.7
Vestmannaeyjar,88,IS,1553300031,97,63.44,-20.27,2.46,15.76
Bambous Virieux,20,MU,1553299741,94,-20.34,57.76,26.0,6.06
Ostersund,8,SE,1553299908,73,63.18,14.64,5.0,8.7
Dunedin,20,NZ,1553299499,76,-45.87,170.5,17.78,5.36
Homer,20,US,1553299841,61,59.64,-151.54,10.0,7.2
Belmonte,0,PT,1553299293,68,40.36,-7.35,6.11,0.89
Provideniya,92,RU,1553300032,100,64.42,-173.23,-9.44,8.16
Fort Nelson,20,CA,1553295600,28,58.81,-122.69,15.0,1.06
Plouzane,0,FR,1553299986,93,48.38,-4.62,8.89,1.5
Saint George,75,GR,1553295000,93,39.45,22.34,7.0,1.26
Dikson,44,RU,1553300033,100,73.51,80.55,-16.19,7.71
Victoria,90,BN,1553297400,88,5.28,115.24,26.0,0.5
Castro,75,CL,1553295600,93,-42.48,-73.76,12.0,6.7
Faanui,80,PF,1553299883,100,-16.48,-151.75,29.06,3.51
Nikolskoye,0,RU,1553299835,74,59.7,30.79,1.11,2.0
Busselton,0,AU,1553299816,61,-33.64,115.35,13.89,7.36
Weyburn,0,CA,1553299786,68,49.67,-103.85,7.78,4.47
Fortuna,40,ES,1553299554,47,38.18,-1.13,14.0,2.1
Jalu,0,LY,1553300035,86,29.03,21.55,15.36,1.51
Pallisa,8,UG,1553300035,87,1.17,33.71,19.71,1.31
Los Llanos de Aridane,90,ES,1553299801,59,28.66,-17.92,18.0,8.7
Hamilton,75,BM,1553299272,82,32.3,-64.78,20.0,9.8
Nara,75,JP,1553300016,52,34.68,135.8,8.89,5.7
Sola,0,FI,1553299625,68,62.78,29.36,-3.0,2.1
Baghdad,0,IQ,1553297400,66,33.3,44.38,12.0,1.5
Ancud,75,CL,1553295600,93,-41.87,-73.83,12.0,6.7
Neiafu,75,TO,1553295600,69,-18.65,-173.98,28.0,3.1
Pacific Grove,90,US,1553299821,87,36.62,-121.92,16.0,2.1
Pevek,0,RU,1553300037,86,69.7,170.27,-21.09,1.96
Hobart,75,AU,1553299696,60,-42.88,147.33,20.56,4.6
Marawi,0,PH,1553299258,72,8.0,124.29,25.56,3.13
Ribeira Grande,92,PT,1553300037,96,38.52,-28.7,16.51,6.81
Talaya,0,RU,1553299831,79,55.79,84.89,-1.11,4.0
Thompson,40,CA,1553295600,39,55.74,-97.86,9.0,4.6
Salzgitter,20,DE,1553300020,93,52.15,10.36,11.0,0.5
Port Macquarie,32,AU,1553299808,77,-31.43,152.91,26.67,1.5
Iberia,24,PE,1553300038,85,-11.41,-69.49,24.06,1.46
Sorland,92,NO,1553300038,90,67.67,12.69,5.91,14.46
Bermeo,0,ES,1553300022,75,43.42,-2.72,11.11,2.6
Mataura,76,NZ,1553299883,56,-46.19,168.86,22.26,2.21
Teguldet,92,RU,1553300039,86,57.31,88.17,-4.29,0.71
Kisangani,80,CD,1553300039,100,0.52,25.21,21.21,2.26
Cayenne,20,GF,1553297400,78,4.94,-52.33,27.0,4.1
Traralgon,100,AU,1553299220,72,-38.19,146.54,20.0,4.02
Vylkove,8,UA,1553300040,73,45.4,29.58,8.21,5.51
Avarua,68,CK,1553297400,79,-21.21,-159.78,30.0,4.1
Cidreira,76,BR,1553300040,100,-30.17,-50.22,17.26,5.36
Hualmay,20,PE,1553299903,76,-11.1,-77.61,22.41,2.16
Clyde River,90,CA,1553298180,82,70.47,-68.59,-28.0,2.1
Tiksi,36,RU,1553300041,70,71.64,128.87,-14.29,1.86
Lufilufi,24,WS,1553299986,66,-13.87,-171.6,30.56,2.24
Adrar,0,DZ,1553295600,36,27.87,-0.29,16.0,4.1
Fairbanks,90,US,1553299805,42,64.84,-147.72,13.33,1.5
Srikakulam,0,IN,1553300042,100,18.29,83.89,26.21,2.56
Huari,92,PE,1553300042,95,-9.35,-77.17,5.96,0.51
Muriti,40,TZ,1553295600,83,-1.99,32.93,24.0,0.56
Ilhabela,92,BR,1553300043,100,-23.78,-45.36,25.06,8.26
Karlskoga,92,SE,1553300032,87,59.33,14.52,7.78,6.2
Edemissen,20,DE,1553300020,93,52.39,10.26,11.0,0.5
Narsaq,80,GL,1553298600,85,60.91,-46.05,-5.0,1.0
New Norfolk,75,AU,1553299996,60,-42.78,147.06,20.56,4.6
Ordynskoye,12,RU,1553300045,77,54.37,81.9,-10.64,2.66
Hithadhoo,80,MV,1553300045,99,-0.6,73.08,29.86,2.16
Mnogovershinnyy,0,RU,1553300046,63,53.94,139.92,-14.44,1.31
Kodiak,1,US,1553300005,2,39.95,-94.76,16.11,2.1
Katsuura,75,JP,1553298820,52,33.93,134.5,8.33,5.7
Huarmey,12,PE,1553300046,64,-10.07,-78.15,22.21,1.41
Kayerkan,24,RU,1553300046,61,69.35,87.76,-21.94,1.11
Makakilo City,40,US,1553300033,42,21.35,-158.09,29.0,3.6
Ponta do Sol,92,BR,1553300047,93,-20.63,-46.0,19.11,4.01
Husavik,0,CA,1553299824,60,50.56,-96.99,3.89,4.56
Port Elizabeth,90,US,1553299868,56,39.31,-74.98,8.0,6.7
San Juan,20,PR,1553299713,69,18.47,-66.12,27.0,3.6
Mogok,0,MM,1553300049,84,22.92,96.51,14.01,1.06
Vao,48,EE,1553300050,77,59.1,26.19,-6.39,1.76
Salalah,75,OM,1553295000,74,17.01,54.1,26.0,3.6
Nome,1,US,1553300035,31,30.04,-94.42,24.0,4.1
Mount Isa,90,AU,1553297400,54,-20.73,139.49,29.0,7.2
Mabaruma,0,GY,1553300051,77,8.2,-59.78,25.71,3.81
Douglas,1,US,1553300039,15,31.34,-109.55,21.0,5.7
Mulhouse,0,FR,1553299966,80,47.75,7.34,8.89,1.5
Mount Gambier,90,AU,1553297400,82,-37.83,140.78,19.0,6.7
Sukhobuzimskoye,0,RU,1553297400,80,56.5,93.28,0.0,2.0
Witu,76,KE,1553300052,91,-2.39,40.44,25.11,1.91
Cabo San Lucas,5,MX,1553299818,33,22.89,-109.91,26.11,3.1
Hasaki,75,JP,1553299338,45,35.73,140.83,6.0,2.6
Airai,20,TL,1553300053,77,-8.93,125.41,25.21,1.06
Zherdevka,92,RU,1553300053,97,51.84,41.47,0.06,5.81
San Quintin,0,PH,1553300053,61,17.54,120.52,24.21,1.61
Port Hardy,75,CA,1553295600,58,50.7,-127.42,13.0,8.2
Manjeshwar,20,IN,1553297400,88,12.72,74.89,25.0,1.51
College,90,US,1553300045,42,64.86,-147.8,13.33,1.5
Hillsborough,90,US,1553300051,76,37.57,-122.38,14.44,3.6
Hofn,56,IS,1553300054,100,64.25,-15.21,3.06,13.01
Port Lincoln,32,AU,1553300054,89,-34.72,135.86,20.21,2.66
Vanimo,44,PG,1553299929,100,-2.67,141.3,27.36,5.26
Halifax,90,CA,1553299866,100,44.65,-63.58,5.56,5.1
Shingu,75,JP,1553295600,45,33.72,135.99,8.0,6.7
Bandarbeyla,92,SO,1553300055,100,9.49,50.81,25.36,3.16
Havoysund,40,NO,1553296800,93,71.0,24.66,0.0,14.4
Yichang,92,CN,1553300056,88,30.77,111.32,7.51,1.81
Georgetown,20,GY,1553295600,74,6.8,-58.16,27.0,6.2
Pangody,76,RU,1553300057,91,65.85,74.49,-6.04,3.31
Nizhniy Chir,92,RU,1553300057,91,48.36,43.08,3.21,7.01
Yumen,0,CN,1553300057,60,40.29,97.04,-6.29,1.41
Puerto Ayora,20,EC,1553299217,78,-0.74,-90.35,28.0,4.1
Geraldton,5,CA,1553295600,36,49.72,-86.95,-2.0,3.1
Bredasdorp,56,ZA,1553299284,87,-34.53,20.04,17.78,2.1
Masvingo,92,ZW,1553300058,94,-20.08,30.83,18.21,4.01
La Romana,20,DO,1553295600,78,18.43,-68.97,27.0,3.1
Ilulissat,0,GL,1553298600,38,69.22,-51.1,-24.0,1.0
Kaman,0,TR,1553300059,75,39.36,33.73,-3.79,1.11
Baykit,36,RU,1553300059,83,61.68,96.39,-6.79,4.76
San Policarpo,8,PH,1553300060,85,12.18,125.51,27.01,4.46
Klaksvik,44,FO,1553298600,69,62.23,-6.59,3.0,13.4
San Vicente,0,SV,1553299833,55,13.64,-88.78,31.0,1.5
Oranjestad,20,AW,1553295600,74,12.52,-70.03,27.0,7.2
Gravdal,88,NO,1553300044,93,59.79,5.78,7.22,6.7
Qaqortoq,48,GL,1553298600,85,60.72,-46.03,-5.0,1.0
Portland,90,US,1553299851,71,45.52,-122.67,13.0,3.1
Izumo,75,JP,1553295600,75,35.37,132.75,6.0,2.6
Wakkanai,75,JP,1553297640,79,45.41,141.67,-4.0,6.2
Arraial do Cabo,75,BR,1553295600,83,-22.97,-42.02,23.0,1.5
Torbat-e Jam,80,IR,1553300064,100,35.24,60.63,1.36,1.41
Ahipara,48,NZ,1553300064,70,-35.17,173.16,23.36,1.46
Mana,0,RS,1553297400,80,43.52,20.24,1.0,0.96
Banon,0,FR,1553299816,80,44.04,5.63,8.89,0.5
Ferkessedougou,56,CI,1553300065,46,9.6,-5.2,27.91,3.86
Joshimath,0,IN,1553299816,93,30.57,79.57,-19.29,0.51
Cherskiy,0,RU,1553299888,64,68.75,161.3,-17.79,1.21
Antofagasta,20,CL,1553295600,72,-23.65,-70.4,19.0,4.6
Fare,64,PF,1553300066,96,-16.7,-151.02,29.61,4.31
Fort Saint James,56,CA,1553300066,64,54.43,-124.25,9.01,1.21
Sao Paulo de Olivenca,12,BR,1553299771,77,-3.38,-68.87,27.41,1.36
Beringovskiy,68,RU,1553300066,92,63.05,179.32,-14.99,12.76
Eyemouth,8,GB,1553299936,75,55.87,-2.09,6.0,2.6
Touros,20,BR,1553295600,83,-5.2,-35.46,28.0,2.1
Atasu,88,KZ,1553300067,65,48.68,71.64,-0.39,1.86
Kudahuvadhoo,0,MV,1553300067,100,2.67,72.89,29.21,4.11
Sitka,64,US,1553299312,50,37.17,-99.65,16.11,3.13
Groa,90,FR,1553299986,100,48.67,-4.14,8.89,2.1
Dingle,12,PH,1553300068,75,11.0,122.67,26.26,4.26
Lashio,0,MM,1553300069,83,22.93,97.75,14.46,0.96
Nyagan,76,RU,1553300069,89,62.14,65.43,-5.74,1.91
Otane,8,NZ,1553299697,72,-39.89,176.62,19.44,2.31
Grafton,0,AU,1553299999,69,-29.69,152.93,26.67,2.6
Nanlong,92,CN,1553300070,93,31.35,106.05,7.61,1.61
Roanoke Rapids,40,US,1553299779,50,36.46,-77.65,12.0,11.3
Yelizovo,40,RU,1553297400,47,53.19,158.38,1.0,10.0
Shelburne,90,CA,1553299921,68,44.08,-80.2,-2.0,7.7
Banjar,44,ID,1553300072,97,-7.37,108.54,22.61,1.66
Faya,0,SA,1553295600,41,18.39,42.45,17.0,5.7
Tasiilaq,0,GL,1553298600,46,65.61,-37.64,-12.0,4.1
Ferrol,0,ES,1553299871,100,43.48,-8.23,10.56,3.1
Unai,88,BR,1553300073,94,-16.36,-46.91,21.86,1.46
Popondetta,32,PG,1553300073,79,-8.77,148.24,25.36,1.06
Inhambane,48,MZ,1553300073,100,-23.87,35.38,24.11,4.41
Kitgum,12,UG,1553300073,73,3.3,32.88,16.76,1.66
Yulara,0,AU,1553295600,18,-25.24,130.99,29.0,1.5
Road Town,1,VG,1553299836,74,18.42,-64.62,26.0,5.1
Kurilsk,56,RU,1553300074,100,45.23,147.88,-5.64,9.66
Ajdabiya,8,LY,1553299990,59,30.75,20.22,18.36,7.61
Poya,32,NC,1553300074,93,-21.35,165.16,27.21,5.21
Sayaxche,88,GT,1553300074,87,16.52,-90.17,23.16,2.11
Prince Rupert,90,CA,1553295600,71,54.32,-130.32,11.0,3.1
Egvekinot,36,RU,1553300065,74,66.32,-179.17,-16.64,6.21
Mayo,75,CA,1553295600,33,63.59,-135.9,14.0,3.1
Buala,100,SB,1553300075,80,-8.15,159.59,30.06,2.11
Sikeston,1,US,1553299988,64,36.88,-89.59,20.0,3.6
Alegrete,0,BR,1553300076,61,-29.79,-55.79,17.06,3.41
Iqaluit,40,CA,1553299965,61,63.75,-68.52,-28.0,3.1
Skjervoy,76,NO,1553300076,92,70.03,20.97,3.96,9.76
Baculin,36,PH,1553300076,93,7.45,126.58,25.06,4.21
Khorixas,0,NA,1553300077,64,-20.37,14.96,16.41,0.86
Aklavik,90,CA,1553295600,72,68.22,-135.01,-10.0,1.5
Te Anau,24,NZ,1553300077,56,-45.41,167.72,20.06,1.61
Bereda,0,ES,1553299804,100,43.27,-7.54,8.33,3.1
Bilibino,0,RU,1553299955,64,68.06,166.44,-16.54,1.41
Chulym,44,RU,1553300078,85,55.09,80.97,-6.44,1.31
Pangnirtung,8,CA,1553300078,49,66.15,-65.72,-27.54,3.06
Umm Lajj,36,SA,1553300078,100,25.02,37.27,16.56,1.66
Mar del Plata,92,AR,1553300079,74,-46.43,-67.52,16.16,6.26
Uige,100,AO,1553300079,94,-7.61,15.06,20.71,1.06
Alyangula,75,AU,1553295600,78,-13.85,136.42,28.0,4.6
Lavrentiya,80,RU,1553300080,100,65.58,-170.99,-10.39,9.76
Sawtell,0,AU,1553299999,54,-30.38,153.1,28.0,3.6
Necochea,0,AR,1553299613,64,-38.55,-58.74,16.67,0.89
Dudinka,32,RU,1553300042,80,69.41,86.18,-20.39,2.16
Ayan,0,TR,1553300082,75,40.67,33.6,-5.89,1.21
Codrington,8,AU,1553299897,74,-28.95,153.24,27.22,0.5
Comodoro Rivadavia,90,AR,1553295600,72,-45.87,-67.48,17.0,0.5
Half Moon Bay,90,US,1553299929,76,37.46,-122.43,14.44,3.6
Kahului,20,US,1553299648,57,20.89,-156.47,26.67,7.7
Mayenne,0,FR,1553299579,87,48.3,-0.62,6.0,2.1
Poum,0,MK,1553300083,85,41.28,20.71,-0.79,0.76
Tessalit,92,ML,1553299884,15,20.2,1.01,20.81,4.36
Gravelbourg,0,CA,1553300083,79,49.88,-106.56,8.81,4.11
Beira,0,ES,1553300036,100,43.2,-8.36,10.56,3.1
Loudi,92,CN,1553300084,100,27.73,112.0,7.16,5.91
Kholm,64,RU,1553300084,71,57.15,31.18,0.61,7.76
Saint-Georges,92,CA,1553299298,97,46.12,-70.67,0.56,4.21
Vuktyl,88,RU,1553300085,87,63.86,57.31,-2.99,1.46
Barra do Garcas,68,BR,1553300085,80,-15.89,-52.26,24.66,2.36
Noyabrsk,8,RU,1553300086,76,63.2,75.45,-10.49,1.31
Zheleznodorozhnyy,75,RU,1553299786,93,55.75,38.0,0.0,6.0
Bata,68,GQ,1553300086,100,1.87,9.77,26.96,4.86
Paamiut,68,GL,1553300088,100,61.99,-49.67,-5.04,12.11
Gornoye Loo,90,RU,1553297400,81,43.72,39.61,7.0,1.0
Kuching,75,MY,1553297400,94,1.56,110.34,24.0,1.5
Marzuq,0,YE,1553300088,65,14.4,46.47,8.51,1.16
Kireyevsk,92,RU,1553300089,90,53.93,37.93,-1.29,8.16
Kavieng,8,PG,1553300089,100,-2.57,150.8,28.46,3.46
Puerto Suarez,20,BO,1553295600,88,-18.96,-57.8,27.0,1.56
Porto Velho,40,BR,1553295600,74,-8.75,-63.87,28.0,1.0
Qasigiannguit,0,GL,1553298600,38,68.82,-51.19,-24.0,1.0
Goderich,68,CA,1553300054,77,43.74,-81.71,-0.57,10.28
Talnakh,0,RU,1553300090,60,69.49,88.39,-21.89,1.21
Puerto Escondido,40,MX,1553294400,66,15.86,-97.07,30.0,5.1
Lebu,0,ET,1553300090,69,8.96,38.73,10.11,2.31
Itarema,80,BR,1553300091,98,-2.92,-39.92,24.06,0.51
Khatanga,12,RU,1553300091,53,71.98,102.47,-27.99,1.96
Chicama,75,PE,1553295600,78,-7.84,-79.15,22.0,4.6
Atocha,75,EC,1553299222,100,-1.22,-78.6,21.0,1.0
Tiznit,0,MA,1553299956,82,29.7,-9.73,14.31,1.41
Riyadh,0,SA,1553295600,48,24.63,46.72,18.0,2.1
Francistown,0,BW,1553300092,74,-21.17,27.5,20.16,6.61
Ixtapa,5,MX,1553299804,45,20.71,-105.21,28.0,5.1
Tuatapere,56,NZ,1553300092,73,-46.13,167.69,18.71,1.41
Surgut,90,RU,1553297400,100,61.25,73.4,-4.0,2.0
Stokmarknes,88,NO,1553299271,91,68.56,14.91,3.89,5.81
Dekar,8,BW,1553300093,31,-21.53,21.93,24.46,4.76
Vila Franca do Campo,75,PT,1553300094,87,37.72,-25.43,15.0,3.1
Kifri,12,IQ,1553300094,73,34.69,44.96,6.71,1.66
Peru,1,US,1553299804,49,41.33,-89.13,11.0,3.1
Banda Aceh,0,ID,1553300047,96,5.56,95.32,21.96,0.71
Muli,0,IN,1553300095,42,22.62,71.45,18.76,1.41
Sur,8,OM,1553299952,100,22.57,59.53,21.51,3.66
Saint-Augustin,0,FR,1553299929,75,44.83,-0.61,9.44,1.76
Sabha,8,LY,1553300096,39,27.03,14.43,12.71,4.31
Coquimbo,90,CL,1553295600,87,-29.95,-71.34,14.0,0.86
Doka,0,SD,1553300097,28,13.52,35.76,23.66,4.81
Sinnamary,92,GF,1553300097,95,5.38,-52.96,26.46,5.76
Mwinilunga,20,ZM,1553300098,77,-11.73,24.43,18.46,1.16
Sisimiut,0,GL,1553299908,49,66.94,-53.67,-34.94,0.76
Tigre,0,AR,1553299801,63,-34.42,-58.58,20.0,1.0
Havre-Saint-Pierre,90,CA,1553295600,86,50.23,-63.6,1.0,8.7
Tirau,0,NZ,1553300093,94,-37.98,175.76,23.89,1.86
Monrovia,20,LR,1553295600,94,6.33,-10.8,25.0,2.56
Boyolangu,20,ID,1553299966,95,-8.09,111.9,23.36,1.36
Flinders,56,AU,1553299931,78,-34.58,150.85,25.56,2.6
Kathmandu,20,NP,1553298600,81,27.71,85.32,10.0,1.5
Harper,90,US,1553300017,49,30.3,-99.24,22.0,4.6
Vila Velha,40,BR,1553299953,83,-3.71,-38.6,28.0,2.6
Lorengau,68,PG,1553300100,100,-2.02,147.27,27.76,4.36
Tilichiki,20,RU,1553300101,87,60.47,166.1,-13.24,1.86
Marsa Matruh,40,EG,1553295600,87,31.35,27.25,16.0,5.1
Teguise,20,ES,1553297400,77,29.06,-13.56,17.0,5.7
Acari,12,BR,1553300102,96,-6.44,-36.64,21.91,1.66
Meulaboh,32,ID,1553299940,100,4.14,96.13,26.16,2.11
Caravelas,92,BR,1553300103,100,-17.73,-39.27,27.06,9.41
Gillette,75,US,1553299301,57,44.29,-105.5,10.0,8.2
Viedma,20,AR,1553300103,54,-40.81,-62.99,17.21,2.41
Sumenep,80,ID,1553300092,98,-7.02,113.87,28.36,6.46
Saint-Pierre,0,FR,1553299925,78,48.95,4.24,4.0,1.0
Gao,68,ML,1553300104,24,16.28,-0.04,23.41,2.86
Trabzon,75,TR,1553298600,87,41.01,39.72,7.22,0.5
Aksarka,76,RU,1553300104,88,66.56,67.8,-6.79,2.26
Esperance,75,TT,1553299809,69,10.24,-61.45,27.22,3.6
Isangel,75,VU,1553295600,79,-19.55,169.27,29.0,3.1
Belturbet,44,GB,1553300104,79,54.1,-7.44,5.56,1.79
Bugembe,8,UG,1553300105,91,0.48,33.23,19.56,1.06
Upernavik,20,GL,1553300106,100,72.79,-56.15,-24.44,2.76
Vaitape,92,PF,1553300106,100,-16.52,-151.75,28.86,3.96
Eenhana,68,NA,1553300107,63,-17.48,16.34,21.86,1.41
Kachug,56,RU,1553300107,68,53.96,105.89,-8.39,3.11
Boyuibe,90,BO,1553295600,93,-20.43,-63.28,18.0,2.26
Deskati,75,GR,1553299850,93,39.93,21.81,7.0,1.11
Rumoi,20,JP,1553295600,92,43.93,141.67,-10.0,3.1
Pitimbu,0,BR,1553295600,83,-7.47,-34.81,28.0,2.6
Souillac,0,FR,1553299929,57,45.6,-0.6,10.0,1.5
El Cocuy,80,VE,1553300108,90,8.3,-71.95,22.61,0.71
Hutchinson,75,US,1553300043,31,38.06,-97.93,18.33,3.6
Teya,5,MX,1553299264,42,21.05,-89.07,27.0,6.2
Northam,75,GB,1553299933,87,51.04,-4.21,9.44,3.66
Haines Junction,12,CA,1553300109,53,60.75,-137.51,8.01,1.61
İzmit,0,TR,1553298600,65,40.76,29.93,5.0,3.6
Talcahuano,0,CL,1553295600,77,-36.72,-73.12,16.0,7.7
Tomohon,20,ID,1553297400,83,1.33,124.84,28.0,0.5
Tiarei,20,PF,1553299986,70,-17.53,-149.33,31.67,6.2
Aswan,0,EG,1553295600,18,24.09,32.9,27.0,3.6
Luderitz,0,NA,1553300110,92,-26.65,15.16,14.56,3.36
Quatre Cocos,40,MU,1553300041,88,-20.21,57.76,26.0,6.06
Margate,75,AU,1553300055,60,-43.03,147.26,20.56,4.6
Muros,0,ES,1553300104,75,42.77,-9.06,12.22,2.86
Nieves,8,MX,1553300112,27,24.0,-103.02,19.21,3.01
Evensk,0,RU,1553300112,100,61.92,159.24,-5.24,6.31
Synya,88,RU,1553300113,92,65.37,58.04,-2.69,2.41
Lira,0,UG,1553300114,54,2.25,32.9,22.76,4.46
Bundaberg,75,AU,1553300109,66,-24.87,152.35,32.22,2.6
Qadirpur Ran,40,PK,1553298900,68,30.29,71.67,19.0,5.16
Chumikan,0,RU,1553300114,55,54.72,135.31,-14.14,3.01
Ploemeur,8,FR,1553300067,93,47.73,-3.43,8.0,2.1
Padang,88,ID,1553300115,100,-0.92,100.36,25.46,1.46
Arlit,68,NE,1553300115,30,18.74,7.39,21.31,4.51
Tsiroanomandidy,48,MG,1553300115,89,-18.77,46.05,15.96,1.76
Luena,68,AO,1553300115,67,-11.78,19.91,20.36,1.51
Roebourne,92,AU,1553300116,76,-20.77,117.15,27.76,11.66
Gewane,24,ET,1553300116,68,10.16,40.66,21.76,1.21
Crestview,1,US,1553299935,59,30.76,-86.57,22.0,3.1
Orichi,0,RU,1553300116,69,58.4,49.06,-9.29,1.31
Antalaha,68,MG,1553300116,89,-14.9,50.28,25.76,3.71
Lubumbashi,44,CD,1553300117,85,-11.66,27.48,19.41,3.11
Baruun-Urt,0,MN,1553300117,55,46.68,113.28,-12.34,5.21
Arman,80,RU,1553300117,79,59.7,150.17,-4.89,4.91
Lask,90,PL,1553300117,100,51.59,19.13,3.33,0.5
Ulaanbaatar,0,MN,1553297400,77,47.92,106.92,-18.0,1.21
Aguas Formosas,92,BR,1553300118,99,-17.08,-40.94,21.16,1.81
Concarneau,0,FR,1553300067,93,47.88,-3.92,8.0,2.6
Gamba,0,CN,1553300118,26,28.28,88.52,-26.79,1.31
Faaborg,90,DK,1553299947,93,55.1,10.24,8.0,4.1
Smirnykh,48,RU,1553300119,69,49.74,142.83,-11.74,4.66
Siocon,24,PH,1553300119,95,11.03,124.04,26.66,4.01
Muzhi,64,RU,1553300119,79,65.4,64.7,-6.09,2.81
Utete,92,TZ,1553300120,90,-7.99,38.76,25.36,1.16
Terenos,0,BR,1553295600,73,-20.44,-54.87,25.0,2.6
Navirai,0,BR,1553300120,84,-23.07,-54.19,21.86,2.96
Abrau-Dyurso,92,RU,1553297400,93,44.7,37.6,5.56,3.0
Mishkino,0,RU,1553297400,100,56.22,46.62,-2.0,2.0
Ensley,1,US,1553300115,41,33.51,-86.89,19.0,2.1
Walvis Bay,0,NA,1553299329,87,-22.95,14.51,16.11,3.1
Oktyabrskiy,75,RU,1553299786,93,55.61,37.97,0.0,6.0
Elizabeth City,1,US,1553299828,46,36.3,-76.22,14.0,9.16
Nizhniy Tsasuchey,0,RU,1553300122,45,50.52,115.13,-7.94,5.66
Chifeng,0,CN,1553300122,73,42.27,118.96,-6.89,4.01
Santa Vitoria do Palmar,88,BR,1553300123,82,-33.52,-53.37,17.76,3.66
Naze,40,NG,1553295600,94,5.43,7.07,25.0,2.11
Tuy Hoa,64,VN,1553300100,100,13.08,109.3,23.51,1.96
San Patricio,0,PY,1553300123,72,-26.98,-56.83,18.96,1.76
Soyo,92,AO,1553300123,86,-6.13,12.37,27.91,1.91
Taltal,0,CL,1553300124,85,-25.41,-70.49,16.86,1.06
Xinglongshan,0,CN,1553295600,62,43.96,125.47,-6.0,2.0
Denia,8,ES,1553299913,79,38.84,0.11,14.44,5.06
Paita,24,PE,1553300124,61,-5.09,-81.11,26.56,3.91
Oistins,75,BB,1553295600,74,13.07,-59.53,26.0,9.8
De Aar,88,ZA,1553300125,41,-30.65,24.01,17.56,2.86
Kambove,20,CD,1553300125,65,-10.88,26.6,19.56,3.21
Coruripe,0,BR,1553299935,96,-10.12,-36.18,28.66,7.46
Merauke,56,ID,1553300111,98,-8.49,140.4,27.11,4.56
Tanhacu,92,BR,1553300125,99,-14.02,-41.25,21.46,1.41
Magadan,80,RU,1553300126,93,59.56,150.8,-3.29,10.41
Nicoya,0,CR,1553295600,38,10.15,-85.45,31.0,8.7
Hami,0,CN,1553300127,72,42.84,93.51,-3.79,2.41
Ust-Ordynskiy,0,RU,1553299200,92,52.8,104.75,-10.0,3.56
Sistranda,75,NO,1553300064,81,63.73,8.83,7.0,8.2
La Cruz,0,MX,1553299817,64,23.92,-106.89,25.56,1.79
Kachiry,0,KZ,1553300128,55,53.07,76.1,-12.49,1.26
Rawson,48,AR,1553300129,53,-43.3,-65.11,17.56,1.31
Ilinskiy,75,RU,1553299786,95,55.62,38.12,0.0,6.0
Anadyr,0,RU,1553295600,75,64.73,177.51,-25.0,11.0
Guia de Isora,0,ES,1553300121,81,28.21,-16.78,18.0,8.2
Yago,5,MX,1553298420,50,21.83,-105.07,26.0,4.1
Chokurdakh,0,RU,1553299864,55,70.62,147.9,-23.89,2.31
Duiwelskloof,100,ZA,1553300131,95,-23.69,30.14,18.21,4.66
Hovd,90,NO,1553299815,86,63.83,10.7,7.22,4.1
Tarakan,75,ID,1553297400,94,3.3,117.63,23.0,4.1
Nanortalik,88,GL,1553300131,98,60.14,-45.24,0.66,12.11
Pacifica,90,US,1553300131,93,37.61,-122.49,14.44,5.7
Urucara,32,BR,1553300132,78,-2.54,-57.76,27.61,1.81
Malangwa,64,CD,1553300132,94,-2.84,17.57,24.41,0.96
Srednekolymsk,12,RU,1553300132,61,67.46,153.71,-13.79,1.86
North Bend,90,US,1553300020,100,43.41,-124.22,12.22,3.6
Caohai,92,CN,1553300133,88,26.87,104.28,1.11,1.86
Mehamn,76,NO,1553299949,87,71.03,27.85,-1.74,9.16
Esil,36,KZ,1553300133,69,51.96,66.41,-9.44,1.31
Mindelo,0,PT,1553300117,75,41.31,-8.72,12.78,5.01
Ojinaga,1,US,1553300121,11,29.56,-104.41,29.0,1.5
Kaduy,80,RU,1553300134,95,59.2,37.15,0.71,3.66
Chapada dos Guimaraes,75,BR,1553295600,74,-15.46,-55.75,29.0,1.5
Harrisonville,1,US,1553299919,69,38.65,-94.35,18.0,1.5
Jurmala,0,LV,1553300067,92,56.97,23.77,-2.78,1.5
Susanino,0,RU,1553300135,94,58.15,41.61,-2.84,2.61
Zhanaozen,44,KZ,1553300135,89,43.35,52.85,3.26,1.46
Afua,48,NG,1553300135,92,5.27,7.87,24.71,1.31
Darnah,92,LY,1553299984,99,32.77,22.64,16.11,7.06
Ramhormoz,0,IR,1553300135,50,31.28,49.6,9.06,2.61
Khandyga,0,RU,1553300136,53,62.65,135.58,-20.64,1.16
Daru,92,SL,1553299895,76,7.99,-10.85,25.51,1.41
Paraiso,20,MX,1553299815,11,24.01,-104.61,23.0,7.7
Naryan-Mar,80,RU,1553300136,84,67.67,53.09,-6.14,3.46
Mahibadhoo,80,MV,1553300137,98,3.78,72.97,29.46,4.01
Polunochnoye,64,RU,1553299951,73,60.87,60.43,-6.69,1.21
Vokhma,76,RU,1553300137,97,58.93,46.76,-0.89,1.16
Bintulu,75,MY,1553295600,100,3.17,113.03,25.0,2.1
Raymondville,1,US,1553299845,25,37.34,-91.83,20.0,2.6
Sao Joao da Barra,0,BR,1553295600,83,-21.64,-41.05,23.0,4.1
Broken Hill,20,AU,1553295600,32,-31.97,141.45,28.0,2.6
Gubkinskiy,32,RU,1553300138,100,64.43,76.5,-6.29,2.41
Pontes e Lacerda,92,BR,1553300138,83,-15.23,-59.33,24.96,2.51
Okitipupa,20,NG,1553300138,84,6.5,4.78,26.46,1.26
Ballina,24,IE,1553299984,76,54.11,-9.15,7.22,1.34
Taoudenni,92,ML,1553300139,19,22.68,-3.98,22.16,4.81
La Ronge,5,CA,1553295600,64,55.1,-105.3,15.0,3.1
Svetlogorsk,0,RU,1553297400,92,53.14,59.15,-6.0,1.0
Kenai,1,US,1553299924,52,60.55,-151.26,9.44,6.7
Miles City,1,US,1553299891,54,46.41,-105.84,13.0,6.2
Hay River,20,CA,1553295600,60,60.82,-115.79,4.0,3.6
Westport,24,IE,1553299984,69,53.8,-9.52,7.78,2.24
George,20,NG,1553295600,83,6.63,3.35,27.0,1.5
Mata de Sao Joao,40,BR,1553295600,88,-12.53,-38.3,27.0,1.76
Diffa,32,NE,1553300141,39,13.32,12.61,24.31,1.66
Morondava,0,MG,1553300141,97,-20.3,44.28,25.46,1.26
Morehead,1,US,1553299267,36,38.18,-83.43,9.0,3.6
Nago,5,IT,1553300104,87,45.88,10.89,10.56,2.1
Coihaique,90,CL,1553295600,93,-45.58,-72.07,11.0,2.6
Merritt Island,1,US,1553299946,63,28.54,-80.67,23.0,2.1
Praia,75,BR,1553295600,82,-20.25,-43.81,20.0,3.6
Josefina,80,PH,1553300142,87,8.21,123.54,24.81,1.61
Longyan,92,CN,1553300142,99,25.1,117.03,14.06,0.31
Trofors,88,NO,1553298600,75,65.54,13.39,7.0,11.8
Ponta Delgada,75,PT,1553300094,87,37.73,-25.67,15.0,3.1
Eyl,88,SO,1553300143,100,7.98,49.82,24.91,3.81
Rwamagana,8,RW,1553300144,90,-1.95,30.43,15.86,1.16
Sobolevo,88,RU,1553300145,72,54.43,31.9,0.66,9.41
Lagoa,0,PT,1553299937,76,37.14,-8.45,14.44,3.6
Rio Gallegos,90,AR,1553295600,76,-51.62,-69.22,12.0,3.6
Verrettes,75,HT,1553295600,69,19.05,-72.47,27.0,5.1
Nizhneangarsk,76,RU,1553300146,82,55.78,109.57,-10.04,2.96
Houston,1,US,1553299278,25,29.76,-95.37,24.44,2.6
Mangaratiba,75,BR,1553298383,88,-22.96,-44.04,25.0,1.5
Maldonado,20,UY,1553295600,77,-34.91,-54.96,17.0,2.6
Komsomolskiy,36,RU,1553300147,85,67.55,63.78,-8.04,1.51
Guerrero Negro,0,MX,1553299966,51,27.97,-114.04,19.91,6.41
Juneau,90,US,1553298960,75,58.3,-134.42,9.0,2.1
Terekli-Mekteb,32,RU,1553300148,82,44.16,45.87,3.31,3.31
Cumra,0,TR,1553298600,55,37.57,32.77,5.0,2.6
Ibipeba,88,BR,1553300148,95,-11.64,-42.01,20.41,2.11
Jambi,88,ID,1553300149,97,-1.6,103.62,22.86,1.76
Khasan,0,RU,1553299917,90,42.43,130.64,-0.04,2.21
Ofunato,75,JP,1553295600,59,39.11,141.75,1.0,1.5
Mahon,75,IE,1553297400,80,51.89,-8.4,5.0,2.1
Abu Kamal,48,SY,1553300149,76,34.45,40.92,9.46,4.21
Pochutla,75,MX,1553299239,74,15.74,-96.47,30.0,2.91
Grootfontein,0,NA,1553300150,44,-19.56,18.1,20.11,2.41
Batagay-Alyta,64,RU,1553300150,65,67.8,130.41,-21.24,0.96
Sidi Ali,24,DZ,1553300150,92,36.1,0.42,9.11,1.36
Victoria,90,BN,1553297400,88,5.28,115.24,26.0,0.5
Grants,75,US,1553298900,25,35.15,-107.85,10.0,9.3
Luebo,76,CD,1553300151,96,-5.35,21.42,21.16,1.41
Alexandria,1,US,1553299650,32,31.31,-92.44,24.0,1.61
The Valley,20,AI,1553299265,78,18.22,-63.06,26.0,5.7
