City,Cloudiness,Country,Date,Humidity,Lat,Lng,Max Temp,Wind Speed
Ushuaia,75,AR,1553515200,86,-54.81,-68.31,5.0,4.1
Rikitea,0,PF,1553517658,97,-23.12,-134.97,26.45,4.87
Bandarbeyla,0,SO,1553517658,100,9.49,50.81,26.9,4.22
Albany,75,US,1553517616,55,42.65,-73.75,2.78,3.6
Sao Filipe,44,CV,1553517659,97,14.9,-24.5,20.95,4.82
Iqaluit,90,CA,1553516100,77,63.75,-68.52,-14.44,7.2
Bluff,56,AU,1553517659,56,-23.58,149.07,26.8,4.77
Busselton,0,AU,1553517658,26,-33.64,115.35,17.78,6.57
Mahebourg,75,MU,1553517247,83,-20.41,57.7,26.11,3.6
Jamestown,64,AU,1553517660,73,-33.21,138.6,12.15,3.57
East London,90,ZA,1553515200,93,-33.02,27.91,19.0,6.2
Baykit,20,RU,1553517661,80,61.68,96.39,-7.55,1.17
Vaini,75,IN,1553515200,78,15.34,74.49,24.0,6.2
Berdigestyakh,56,RU,1553517661,63,62.1,126.7,-12.9,3.22
Vallenar,24,CL,1553517661,81,-28.58,-70.76,13.5,1.07
Bisert,92,RU,1553517661,93,56.85,59.05,5.5,8.17
Vigrestad,75,NO,1553517500,75,58.57,5.7,7.0,8.2
Athabasca,88,CA,1553517662,90,54.72,-113.29,-3.1,3.47
Mataura,92,NZ,1553517662,82,-46.19,168.86,19.65,6.02
Mikkeli,0,FI,1553517605,51,61.69,27.27,4.44,3.1
Hermanus,68,ZA,1553517184,82,-34.42,19.24,22.22,3.13
Uglovka,68,RU,1553517663,67,58.24,33.51,6.0,4.52
Orlik,80,RU,1553517663,78,52.51,99.83,-6.5,1.17
Cape Town,20,ZA,1553517380,49,-33.93,18.42,23.89,9.8
Wajima,56,JP,1553517663,78,37.4,136.9,10.4,5.72
Puerto Ayora,0,EC,1553515200,83,-0.74,-90.35,26.0,3.6
Norman Wells,75,CA,1553515200,83,65.28,-126.83,0.0,1.5
Kintinku,0,TZ,1553517664,48,-5.89,35.22,32.55,2.27
Narsaq,75,GL,1553514600,64,60.91,-46.05,2.0,2.1
Victoria,75,BN,1553515200,79,5.28,115.24,29.0,1.0
Bredasdorp,75,ZA,1553517184,56,-34.53,20.04,22.0,2.6
Ancud,0,CL,1553515200,81,-41.87,-73.83,9.0,5.7
Baoning,90,CN,1553515200,72,25.34,110.03,17.0,1.0
Provo,1,US,1553517377,92,40.23,-111.66,2.22,1.5
Souillac,75,FR,1553517648,50,45.6,-0.6,13.33,5.7
Qaanaaq,0,GL,1553517666,36,77.48,-69.36,-31.75,1.07
Vraca,0,BA,1553515200,21,43.84,18.4,21.0,2.1
Dayong,0,PH,1553517667,95,11.74,122.04,27.4,7.47
Clyde River,90,CA,1553515200,83,70.47,-68.59,-21.0,18.5
Dikson,80,RU,1553517667,91,73.51,80.55,-0.75,12.42
Esperance,20,TT,1553517607,74,10.24,-61.45,29.44,5.1
Severo-Kurilsk,36,RU,1553517668,100,50.68,156.12,-1.9,6.92
Batagay,12,RU,1553517668,42,67.65,134.64,-25.75,1.32
Saint-Augustin,0,FR,1553517624,44,44.83,-0.61,16.67,4.6
Tuktoyaktuk,92,CA,1553517669,96,69.44,-133.03,-7.2,3.87
San Quintin,8,PH,1553517669,69,17.54,120.52,23.3,1.12
Saskylakh,0,RU,1553517670,46,71.97,114.09,-26.6,1.42
Makakilo City,75,US,1553517437,84,21.35,-158.09,24.0,4.6
Avarua,88,CK,1553515200,88,-21.21,-159.78,26.0,2.6
Hilo,90,US,1553517630,77,19.71,-155.08,19.44,3.6
Kodiak,90,US,1553517423,87,39.95,-94.76,7.78,4.6
Tautira,20,PF,1553515200,83,-17.73,-149.15,26.0,1.5
Touros,75,BR,1553515200,74,-5.2,-35.46,30.0,2.6
Manono,32,CD,1553517671,53,-7.3,27.4,33.6,2.22
Paraiso,5,MX,1553517617,56,24.01,-104.61,10.56,1.37
Mengcheng,0,CN,1553517672,45,33.26,116.57,13.1,3.17
Olinda,75,EC,1553517628,78,-2.03,-79.75,25.56,3.6
Kapaa,40,US,1553517496,73,22.08,-159.32,23.0,5.1
Georgetown,20,GY,1553515200,69,6.8,-58.16,28.0,4.1
Hambantota,0,LK,1553515800,62,6.12,81.12,31.0,3.6
Kirksville,90,US,1553515620,100,40.19,-92.58,6.0,6.2
Daru,12,SL,1553517674,52,7.99,-10.85,33.0,2.57
Thompson,75,CA,1553515200,70,55.74,-97.86,-19.0,1.0
Cherskiy,0,RU,1553517674,57,68.75,161.3,-21.25,3.97
Lebu,20,ET,1553515200,18,8.96,38.73,28.0,3.1
Vila Franca do Campo,20,PT,1553517654,63,37.72,-25.43,18.0,2.6
San Patricio,8,PY,1553517675,73,-26.98,-56.83,20.65,2.37
Upernavik,80,GL,1553517675,100,72.79,-56.15,-16.6,10.77
Zhanaozen,32,KZ,1553517675,78,43.35,52.85,7.6,5.52
Ponta do Sol,0,BR,1553517676,92,-20.63,-46.0,22.15,1.67
Hobart,20,AU,1553517440,61,-42.88,147.33,9.0,9.8
Lasa,20,CY,1553517120,36,34.92,32.53,18.0,8.7
Rome,0,IT,1553517184,52,41.89,12.48,21.0,4.6
Port Macquarie,90,AU,1553517605,94,-31.43,152.91,24.44,2.1
Aykhal,0,RU,1553517677,60,65.95,111.51,-19.8,1.17
Meulaboh,92,ID,1553517677,100,4.14,96.13,28.1,1.87
Praia da Vitoria,0,PT,1553517119,81,38.73,-27.07,17.22,1.34
Castro,0,CL,1553515200,81,-42.48,-73.76,9.0,5.7
New Norfolk,20,AU,1553517676,61,-42.78,147.06,9.0,9.8
Adrar,40,DZ,1553515200,15,27.87,-0.29,32.0,12.9
Coahuayana,0,MX,1553517678,75,18.62,-100.35,12.35,0.32
Port Elizabeth,90,US,1553517666,75,39.31,-74.98,11.11,1.62
Primorsko,0,BG,1553515200,41,42.27,27.75,14.0,7.7
Moerai,36,PF,1553517679,100,-22.43,-151.33,25.9,4.07
El Cope,20,PA,1553517600,88,8.69,-82.32,23.0,1.0
Ribeira Grande,40,PT,1553515200,72,38.52,-28.7,17.0,3.1
Kiambu,40,KE,1553517053,28,-1.17,36.84,30.0,6.7
Boa Vista,0,BR,1553515200,58,2.82,-60.67,28.0,7.7
Barrow,88,AR,1553517681,75,-38.31,-60.23,12.95,3.67
Butaritari,80,KI,1553517681,100,3.07,172.79,28.7,4.02
Tecoanapa,5,MX,1553514420,78,16.99,-99.26,23.0,3.1
Hithadhoo,0,MV,1553517683,100,-0.6,73.08,29.75,3.87
Pevek,80,RU,1553517683,89,69.7,170.27,-16.9,2.67
Northam,20,GB,1553517615,57,51.04,-4.21,12.22,3.1
Chokurdakh,36,RU,1553517482,37,70.62,147.9,-24.1,1.32
Punta Arenas,20,CL,1553515200,70,-53.16,-70.91,7.0,6.7
Saint-Philippe,1,CA,1553517647,41,45.36,-73.48,-5.0,3.1
Oga,20,NG,1553517685,44,8.18,5.65,35.4,2.22
Puerto Maldonado,88,PE,1553515200,334,-12.59,-69.19,1.0,1.5
Tuy Hoa,92,VN,1553517686,84,13.08,109.3,25.9,4.47
Richards Bay,20,ZA,1553517686,69,-28.77,32.06,28.2,4.92
Morondava,20,MG,1553517686,62,-20.3,44.28,33.0,4.22
Caraballeda,20,VE,1553517068,83,10.61,-66.85,24.0,5.17
Nagamangala,20,IN,1553515200,23,12.82,76.75,35.0,2.6
Coos Bay,90,US,1553517312,93,43.37,-124.22,8.33,1.87
Dudinka,92,RU,1553517687,91,69.41,86.18,-3.3,8.27
Arraial do Cabo,20,BR,1553515200,69,-22.97,-42.02,27.0,5.1
Saryozek,0,KZ,1553517688,60,44.36,77.98,11.1,1.57
Mansa,0,IN,1553515200,18,23.43,72.66,37.0,2.1
Aseri,32,EE,1553517688,89,59.45,26.87,3.85,3.12
Nantucket,90,US,1553517616,75,41.28,-70.1,9.0,3.1
Santa Rosa,44,AR,1553517689,81,-36.62,-64.29,11.75,1.97
Awbari,8,LY,1553517690,41,26.59,12.77,21.2,2.62
Hofn,90,IS,1553515200,93,64.25,-15.21,2.0,5.7
Geraldton,5,CA,1553515200,45,49.72,-86.95,-15.0,3.6
Fortuna,0,ES,1553517670,30,38.18,-1.13,21.11,2.1
Klyuchi,24,RU,1553517691,57,52.25,79.17,6.1,2.57
Atuona,68,PF,1553517691,100,-9.8,-139.03,27.9,7.82
Tiksi,0,RU,1553517691,43,71.64,128.87,-25.75,1.17
Craig,40,US,1553517559,92,40.52,-107.55,-1.0,1.5
Hasaki,75,JP,1553515338,66,35.73,140.83,10.0,0.5
Mehamn,90,NO,1553514600,86,71.03,27.85,0.0,6.7
Baoshan,0,CN,1553517620,87,31.41,121.49,15.0,3.0
Baruun-Urt,88,MN,1553517692,36,46.68,113.28,1.3,2.27
Nelson Bay,92,AU,1553517637,78,-32.72,152.14,23.89,3.1
Kurush,90,RU,1553515200,93,41.28,47.83,3.0,3.1
Mount Gambier,40,AU,1553515200,66,-37.83,140.78,12.0,6.7
Fairbanks,90,US,1553517606,69,64.84,-147.72,2.22,2.6
Porto Novo,75,BR,1553515200,94,-23.68,-45.44,22.0,3.1
Ixtapa,5,MX,1553517619,100,20.71,-105.21,19.44,0.47
Camabatela,92,AO,1553517694,97,-8.19,15.37,22.55,1.82
Umba,56,RU,1553517694,81,66.69,34.34,1.6,4.32
Katesh,20,TZ,1553517694,43,-4.52,35.39,29.75,2.97
Tupi Paulista,12,BR,1553517694,56,-21.38,-51.58,27.2,2.02
Caravelas,36,BR,1553517695,99,-17.73,-39.27,28.1,9.37
Prado,76,BR,1553517695,100,-17.34,-39.22,27.3,6.67
Socorro,48,PH,1553517017,75,13.06,121.41,26.67,1.79
Ginda,75,IN,1553515200,64,30.69,78.49,20.0,2.6
Tottori,90,JP,1553515200,70,35.5,134.23,9.0,1.0
Pisco,0,PE,1553515200,30,-13.71,-76.2,22.0,1.0
Camargo,0,MX,1553517696,44,27.69,-105.17,4.55,1.07
Srednekolymsk,32,RU,1553517696,73,67.46,153.71,-19.4,2.22
Sola,75,NO,1553517605,75,58.89,5.65,7.0,8.2
Khatanga,68,RU,1553517697,75,71.98,102.47,-11.2,6.97
Kysyl-Syr,8,RU,1553517487,58,63.9,122.77,-16.65,2.62
Verkhnevilyuysk,64,RU,1553517697,58,63.45,120.31,-14.75,2.27
Nikolskoye,20,RU,1553517636,65,59.7,30.79,6.67,5.0
Lupiro,32,TZ,1553517698,63,-8.39,36.67,30.8,1.57
Saldanha,0,PT,1553517698,31,41.42,-6.55,18.65,5.12
Durazno,20,UY,1553515200,87,-33.38,-56.52,14.0,3.1
Anadyr,90,RU,1553515200,92,64.73,177.51,-2.0,11.0
Petropavlovsk-Kamchatskiy,20,RU,1553515200,57,53.05,158.65,-5.0,5.17
Luderitz,0,NA,1553517701,86,-26.65,15.16,20.45,6.27
Saint-Joseph,0,FR,1553517664,67,43.56,6.97,21.0,4.6
Yellowknife,5,CA,1553515200,85,62.45,-114.38,-11.0,1.57
Kruisfontein,100,ZA,1553517702,93,-34.0,24.73,17.05,5.37
Ilulissat,75,GL,1553514600,74,69.22,-51.1,0.0,9.3
Chabahar,48,IR,1553517702,83,25.29,60.65,25.0,3.67
Necochea,88,AR,1553517105,62,-38.55,-58.74,13.89,2.24
Emmett,75,US,1553517676,100,43.87,-116.5,4.0,3.1
Iranshahr,0,IR,1553515200,44,27.21,60.69,27.0,4.1
Flagstaff,1,US,1553517383,79,35.2,-111.65,11.0,0.77
Palmer,1,US,1553517654,86,61.6,-149.11,5.0,4.1
Nampula,0,MZ,1553517703,66,-15.12,39.26,29.2,2.17
Paamiut,88,GL,1553517703,95,61.99,-49.67,0.0,11.57
Yumen,76,CN,1553517704,39,40.29,97.04,7.75,4.07
Provideniya,92,RU,1553517704,95,64.42,-173.23,-1.05,8.97
Opuwo,56,NA,1553517704,35,-18.06,13.84,30.15,1.52
Rio Gallegos,0,AR,1553515200,93,-51.62,-69.22,8.0,7.7
Esna,0,RO,1553517704,35,45.2,27.57,20.8,6.32
Marsabit,0,KE,1553517705,60,2.34,37.99,29.9,4.12
Pahrump,1,US,1553517324,56,36.21,-115.98,11.67,3.1
Kamenka,88,RU,1553517705,93,53.19,44.05,1.0,6.82
Portage,1,US,1553517676,74,41.58,-87.18,2.0,8.2
Galle,90,US,1553517686,83,29.74,-97.91,21.0,4.6
Dalvik,75,SE,1553517604,67,57.79,14.13,6.67,7.2
Mar del Plata,0,AR,1553517460,100,-46.43,-67.52,8.2,3.02
Husavik,0,CA,1553517625,73,50.56,-96.99,-12.22,1.52
Sabla,56,NG,1553517707,20,12.75,4.71,37.55,5.12
Kasungu,24,MW,1553517707,73,-13.04,33.48,26.55,1.97
Mount Isa,75,AU,1553515200,74,-20.73,139.49,28.0,6.7
Airai,32,TL,1553517707,89,-8.93,125.41,22.75,0.67
Kavaratti,0,IN,1553517708,100,10.57,72.64,28.75,3.27
La Empalizada,80,MX,1553517708,98,21.31,-97.66,21.55,1.52
Coquimbo,90,CL,1553515200,87,-29.95,-71.34,14.0,1.5
Port Alfred,56,ZA,1553517678,91,-33.59,26.89,20.56,2.68
Murray Bridge,44,AU,1553517627,63,-35.12,139.28,15.56,1.79
Aklavik,75,CA,1553515200,79,68.22,-135.01,-6.0,3.1
Mbabane,20,SZ,1553515200,52,-26.33,31.14,31.0,2.6
Maracas,20,TT,1553517607,74,10.76,-61.44,29.44,5.1
Kirby,90,US,1553517689,94,29.46,-98.39,20.56,1.5
Katsuura,75,JP,1553517278,57,33.93,134.5,10.0,1.0
Camacha,40,PT,1553515200,72,33.08,-16.33,19.0,8.2
Kajaani,90,FI,1553514600,91,64.22,27.73,0.0,4.6
Katobu,20,ID,1553517710,100,-4.94,122.53,25.75,1.67
Rocha,68,UY,1553517710,75,-34.48,-54.34,17.7,6.17
Panaba,32,MX,1553517710,93,21.28,-88.27,20.35,1.22
Tasiilaq,88,GL,1553514600,79,65.61,-37.64,-2.0,21.1
Jacareacanga,88,BR,1553517711,91,-6.22,-57.76,24.35,1.32
Mahajanga,20,MG,1553515200,75,-15.72,46.32,33.0,4.1
Ketchikan,1,US,1553514960,86,55.34,-131.65,5.0,4.6
Kulhudhuffushi,0,MV,1553517712,100,6.62,73.07,29.35,1.82
Wangaratta,20,AU,1553517322,44,-36.36,146.32,14.0,4.6
Kutum,12,SD,1553517712,14,14.2,24.66,33.45,3.22
Dzhalil,80,RU,1553517712,91,55.02,52.74,0.75,9.42
Ishinomaki,20,JP,1553515200,49,38.42,141.3,9.0,2.1
Sampit,20,ID,1553517712,86,-2.54,112.95,26.95,1.32
Kot Samaba,0,PK,1553517713,65,28.55,70.47,25.7,1.92
Siyabuswa,0,ZA,1553517713,32,-25.11,29.06,32.75,4.67
Kavieng,48,PG,1553517713,100,-2.57,150.8,28.9,4.02
Te Anau,64,NZ,1553517713,88,-45.41,167.72,16.5,6.47
Liberal,20,US,1553517546,93,37.04,-100.92,4.0,2.6
Lompoc,1,US,1553517712,93,34.64,-120.46,10.0,1.5
Dicabisagan,0,PH,1553517714,100,17.08,122.42,22.5,1.62
Chongwe,8,ZM,1553517714,44,-15.33,28.68,30.2,2.87
Uruguaiana,0,BR,1553515200,72,-29.77,-57.08,16.0,3.6
Namie,20,JP,1553517606,49,37.52,140.86,9.0,2.1
Ossora,8,RU,1553517716,84,59.24,163.07,-9.5,7.47
Barentu,0,ER,1553517716,13,15.11,37.59,37.0,4.12
Faanui,64,PF,1553517716,100,-16.48,-151.75,29.2,6.47
Bubaque,0,GW,1553517717,95,11.28,-15.83,25.95,2.77
Jalu,0,LY,1553517717,47,29.03,21.55,20.85,6.37
Lavrentiya,88,RU,1553517717,91,65.58,-170.99,-1.1,6.02
Bay City,1,US,1553517661,58,43.59,-83.89,-1.0,2.1
Codrington,80,AU,1553517523,78,-28.95,153.24,26.0,3.1
Padang,40,ID,1553515200,83,-0.92,100.36,28.0,2.1
Itarema,44,BR,1553517718,100,-2.92,-39.92,25.45,2.12
Cam Ranh,40,VN,1553515200,78,11.92,109.15,28.0,6.2
Timbuktu,56,ML,1553517719,16,16.77,-3.01,37.65,4.92
Mazamari,92,PE,1553517719,99,-11.33,-74.53,17.9,0.72
Bambanglipuro,92,ID,1553517719,98,-7.95,110.28,24.55,1.32
Benguela,12,AO,1553517720,90,-12.58,13.4,28.85,2.92
Zelenoborskiy,88,RU,1553517720,81,66.84,32.36,0.75,4.62
Akdepe,0,TM,1553515200,38,42.05,59.39,23.0,5.1
Poum,20,MK,1553515200,41,41.28,20.71,14.0,2.6
Roald,40,NO,1553517604,52,62.58,6.12,6.0,5.7
Isiro,0,CD,1553517721,60,2.77,27.62,30.9,1.62
Najran,5,SA,1553515200,13,17.54,44.22,37.0,9.3
Torbay,90,CA,1553517504,80,47.66,-52.73,0.0,3.1
Ostrovnoy,92,RU,1553517721,100,68.05,39.51,-0.65,8.72
Ochamchira,0,GE,1553517721,95,42.71,41.47,7.9,3.32
Sorland,75,NO,1553514600,64,67.67,12.69,1.0,3.6
Klaksvik,76,FO,1553516400,87,62.23,-6.59,6.0,4.6
Evensk,64,RU,1553517722,95,61.92,159.24,-4.65,8.07
Tacuati,0,PY,1553517722,73,-23.46,-56.74,25.9,1.62
Salisbury,20,GB,1553517451,73,51.07,-1.8,13.33,6.7
Susangerd,90,IR,1553515200,83,31.56,48.19,22.0,7.2
Guadix,0,ES,1553517612,28,37.3,-3.14,20.56,1.0
Bethel,90,US,1553515380,86,60.79,-161.76,3.0,4.6
Chuy,36,UY,1553517724,90,-33.69,-53.46,18.1,7.27
Lerwick,20,GB,1553514600,65,60.15,-1.15,8.0,5.1
Hauterive,20,FR,1553516115,40,46.09,3.45,12.0,7.2
Faya,40,SA,1553515200,41,18.39,42.45,25.0,10.3
Kahului,20,US,1553517622,82,20.89,-156.47,20.56,4.32
Kununurra,20,AU,1553515200,74,-15.77,128.74,30.0,4.6
Matamoros,5,US,1553517685,100,25.87,-97.51,21.67,3.1
Labuhan,80,ID,1553517725,83,-2.54,115.51,26.0,0.92
Sikasso,0,ML,1553517725,25,11.32,-5.68,37.35,2.82
Vila Velha,40,BR,1553517501,78,-3.71,-38.6,28.0,1.5
Samarai,64,PG,1553517482,100,-10.62,150.67,25.8,4.47
Mayo,20,CA,1553515200,92,63.59,-135.9,-3.0,1.02
Zyryanka,56,RU,1553517726,73,65.73,150.89,-13.25,3.27
Isiolo,0,KE,1553517727,57,0.35,37.58,29.2,2.67
Pishin,0,PK,1553517727,37,30.58,67.0,16.4,1.67
Nouadhibou,20,MR,1553515200,64,20.93,-17.03,22.0,4.6
Lyngseidet,75,NO,1553517692,80,69.58,20.21,1.0,3.1
Pitimbu,40,BR,1553515200,74,-7.47,-34.81,29.0,4.17
Tefe,0,BR,1553515200,100,-3.35,-64.71,25.0,2.1
Carnarvon,0,ZA,1553517728,28,-30.97,22.13,25.7,4.02
Nam Phong,40,TH,1553515200,55,16.71,102.87,31.0,2.1
Lira,8,UG,1553517729,31,2.25,32.9,34.75,3.02
Mala,56,PE,1553517470,97,-12.66,-76.63,19.1,2.67
Shenjiamen,0,CN,1553517729,94,29.96,122.3,10.5,2.17
Huntsville,90,US,1553517554,82,34.73,-86.59,14.44,6.2
Leningradskiy,76,RU,1553517730,85,69.38,178.42,-14.0,5.67
Manacapuru,75,BR,1553516100,100,-3.3,-60.62,24.0,1.5
Vestmanna,88,FO,1553516400,87,62.16,-7.17,6.0,4.6
Cockburn Town,56,TC,1553517731,100,21.46,-71.14,24.4,7.22
Tiznit,0,MA,1553517701,67,29.7,-9.73,24.2,2.87
Kiri Buru,0,IN,1553517732,37,22.08,85.35,30.8,0.97
Norwich,40,GB,1553517728,66,52.63,1.29,11.11,8.7
Puerto Leguizamo,88,CO,1553517733,95,-0.19,-74.78,24.35,1.22
Nueve de Julio,88,AR,1553517733,45,-31.67,-68.39,16.25,2.87
Vanavara,0,RU,1553517734,67,60.35,102.28,-10.2,1.12
Sur,36,OM,1553517734,71,22.57,59.53,27.2,6.52
Longyearbyen,75,NO,1553516400,61,78.22,15.63,-10.0,8.2
Kaitangata,88,NZ,1553517735,73,-46.28,169.85,19.35,3.82
Kudahuvadhoo,36,MV,1553517735,100,2.67,72.89,29.8,4.27
Talnakh,88,RU,1553517735,92,69.49,88.39,-4.1,7.77
Soyaux,75,FR,1553517648,58,45.64,0.19,13.33,5.7
Zaozerne,68,UA,1553517736,59,51.37,23.94,9.1,4.12
Simplicio Mendes,92,BR,1553517736,100,-7.85,-41.91,22.4,2.32
Flinders,0,AU,1553517545,59,-34.58,150.85,21.67,5.7
Sobolevo,64,RU,1553517736,65,54.43,31.9,7.85,5.12
Atherton,20,GB,1553517727,61,53.52,-2.49,12.78,4.1
Simao,12,CN,1553517737,35,22.76,100.79,22.35,1.57
Bambous Virieux,75,MU,1553517547,83,-20.34,57.76,26.11,3.6
Tazovskiy,92,RU,1553517737,87,67.47,78.7,-1.75,7.17
Shimoda,75,JP,1553517187,40,34.7,138.93,11.0,5.1
Kabinda,24,CD,1553517738,83,-6.14,24.49,27.1,2.67
Sioux Lookout,5,CA,1553515200,84,50.1,-91.92,-15.0,1.0
Sehithwa,0,BW,1553517738,32,-20.47,22.7,34.35,3.77
Ugoofaaru,0,MV,1553517738,100,5.67,73.0,29.4,2.67
Banjar,76,ID,1553517739,98,-7.37,108.54,22.9,0.87
Batemans Bay,0,AU,1553517391,81,-35.71,150.18,17.22,3.57
Rockhampton,0,AU,1553515200,74,-23.38,150.51,26.0,3.47
Hamina,75,FI,1553517557,74,60.57,27.2,4.44,3.1
Umm Kaddadah,0,SD,1553517740,9,13.6,26.69,36.5,5.02
Port Hardy,90,CA,1553515620,100,50.7,-127.42,4.0,1.47
Minot,75,US,1553517638,85,48.23,-101.3,-4.0,2.6
Carmelo,0,UY,1553517051,76,-34.0,-58.28,13.0,3.6
Puerto Cabezas,76,NI,1553517740,94,14.04,-83.39,26.3,4.87
Lazaro Cardenas,5,MX,1553517606,33,28.39,-105.62,12.22,3.1
Valleyview,80,CA,1553517741,85,55.07,-117.28,1.55,2.57
Makaha,75,US,1553517676,94,21.47,-158.22,24.0,4.6
Wewak,80,PG,1553517741,98,-3.55,143.63,24.4,0.97
Dingle,0,PH,1553517742,55,11.0,122.67,27.2,5.82
Haines Junction,0,CA,1553517742,79,60.75,-137.51,-10.65,0.92
Cabo San Lucas,0,MX,1553517653,52,22.89,-109.91,15.0,1.77
Coihaique,40,CL,1553515200,100,-45.58,-72.07,2.0,1.5
Imbituba,0,BR,1553515200,74,-28.24,-48.67,26.0,1.0
Vestmannaeyjar,90,IS,1553515200,100,63.44,-20.27,7.0,14.4
Port Lincoln,0,AU,1553517745,96,-34.72,135.86,15.4,5.57
Pimenta Bueno,44,BR,1553517745,90,-11.68,-61.19,24.6,1.32
Banda Aceh,88,ID,1553517496,88,5.56,95.32,26.6,1.07
San Cristobal,90,EC,1553517032,93,-0.39,-78.55,12.0,1.5
Naze,75,NG,1553515200,66,5.43,7.07,32.0,4.1
Pangkalanbuun,48,ID,1553517746,77,-2.68,111.62,26.9,2.02
Margate,20,AU,1553517736,61,-43.03,147.26,9.0,9.8
Constanta,0,RO,1553517000,19,44.18,28.65,22.22,5.7
Mazagao,90,BR,1553515200,100,-0.12,-51.29,25.0,2.6
Clarence Town,92,AU,1553517739,78,-32.59,151.78,24.44,3.1
Misratah,0,LY,1553517748,77,32.38,15.09,17.95,4.97
Westport,75,IE,1553517725,71,53.8,-9.52,11.67,2.6
Iskateley,24,RU,1553517749,88,67.68,53.15,0.15,5.52
Komsomolskiy,12,RU,1553517749,88,67.55,63.78,-0.5,6.07
Asosa,64,ET,1553517750,26,10.07,34.53,32.8,3.62
Devils Lake,1,US,1553516100,100,48.11,-98.87,-13.0,2.6
Santa Maria,0,BR,1553517751,79,-29.69,-53.81,15.85,2.12
Beringovskiy,92,RU,1553517483,91,63.05,179.32,-1.4,8.02
Dunedin,80,NZ,1553517504,85,-45.87,170.5,18.89,1.79
Torbat-e Jam,48,IR,1553517752,48,35.24,60.63,19.1,5.77
Gat,20,SN,1553515200,57,14.69,-16.54,24.0,5.1
Ouadda,68,CF,1553517753,76,8.07,22.4,31.85,2.72
Hay River,75,CA,1553515200,69,60.82,-115.79,1.0,2.6
Tam Ky,20,VN,1553515200,88,15.57,108.48,24.0,3.6
Salinas,1,US,1553517697,86,36.67,-121.66,8.33,2.37
Trapani,20,IT,1553517663,88,38.02,12.54,17.0,4.6
La Ronge,20,CA,1553515200,85,55.1,-105.3,-10.0,1.5
Sitka,0,US,1553517128,94,37.17,-99.65,3.33,0.45
Sao Felix do Xingu,80,BR,1553517754,100,-6.64,-51.99,22.85,0.27
Wanning,40,AT,1553517742,37,48.64,13.53,11.11,10.8
Merauke,64,ID,1553517754,98,-8.49,140.4,25.9,0.82
Port Hedland,90,AU,1553515200,83,-20.31,118.58,28.0,8.7
Lebedyn,76,UA,1553517755,72,50.58,34.48,9.3,2.22
Valparaiso,1,US,1553517724,91,41.47,-87.06,2.22,4.1
College,90,US,1553517641,60,64.86,-147.8,5.0,4.1
Taonan,0,CN,1553517756,23,45.34,122.78,0.1,6.37
Coaldale,90,CA,1553517258,84,49.73,-112.62,0.0,1.5
Aksha,68,RU,1553517756,48,50.28,113.29,-4.1,1.22
Honningsvag,90,NO,1553514600,86,70.98,25.97,-1.0,6.7
Cap Malheureux,75,MU,1553517547,83,-19.98,57.61,26.11,3.6
Marawi,0,PH,1553517081,68,8.0,124.29,25.56,2.24
Jizan,20,SA,1553515200,66,16.89,42.56,32.0,5.1
Sao Joao da Barra,20,BR,1553515200,69,-21.64,-41.05,27.0,1.0
Lata,92,IN,1553517757,100,30.78,78.62,6.0,0.47
Shakiso,0,ET,1553517757,27,5.77,38.9,30.15,2.17
San Luis,92,AR,1553517623,62,-33.3,-66.34,15.05,4.37
Cap-aux-Meules,75,CA,1553515200,68,47.38,-61.86,-3.0,3.1
Mpika,48,ZM,1553517759,55,-11.84,31.4,26.6,2.87
San Ramon de la Nueva Oran,32,AR,1553517759,95,-23.13,-64.33,20.9,1.87
Neuquen,0,AR,1553517759,72,-38.95,-68.06,9.35,1.92
Oranjemund,32,ZA,1553517759,89,-28.55,16.43,16.85,9.92
Krapina,75,HR,1553517667,71,46.16,15.87,17.0,4.6
Porto Nacional,75,BR,1553515200,100,-10.7,-48.41,25.0,1.62
Sambava,48,MG,1553517760,100,-14.27,50.17,28.85,6.12
Charters Towers,48,AU,1553517760,89,-20.07,146.27,24.3,3.32
LUGOBA,12,TZ,1553517760,36,-6.46,38.33,36.55,1.67
Siavonga,0,ZW,1553517761,50,-16.54,28.71,32.2,1.47
Biak,76,ID,1553517761,97,-0.91,122.88,26.05,1.62
Emerald,68,AU,1553517459,61,-23.53,148.16,28.0,4.1
Rawson,0,AR,1553517761,90,-43.3,-65.11,8.5,3.77
Moussoro,0,TD,1553517761,17,13.64,16.49,37.7,7.52
Harper,90,US,1553517759,93,30.3,-99.24,18.33,1.07
Chicama,75,PE,1553515200,88,-7.84,-79.15,20.0,3.1
Karpogory,44,RU,1553517762,69,64.0,44.44,3.45,2.87
Belaya Gora,68,RU,1553517763,66,68.54,146.19,-20.25,3.07
Kamaishi,32,JP,1553517763,72,39.28,141.86,6.5,3.77
Lichtenburg,0,ZA,1553517764,30,-26.15,26.16,31.0,6.72
Slave Lake,90,CA,1553515200,86,55.28,-114.77,1.0,4.1
Urucara,64,BR,1553517764,95,-2.54,-57.76,24.55,0.97
Portland,90,US,1553517545,75,45.52,-122.67,10.56,3.1
Bhainsdehi,0,IN,1553517765,18,21.65,77.63,34.5,3.67
Sabratah,0,LY,1553517765,94,32.79,12.49,16.5,1.97
Makat,24,KZ,1553517766,96,47.65,53.35,7.2,5.22
Bridlington,0,GB,1553517665,50,54.08,-0.19,11.67,8.2
Arona,5,IT,1553517754,30,45.76,8.56,23.33,3.1
Marsh Harbour,44,BS,1553517766,100,26.54,-77.06,23.0,4.67
Lambarene,92,GA,1553517766,85,-0.7,10.22,27.0,1.32
Saint-Francois,90,FR,1553517091,53,46.42,3.91,11.11,7.7
Grindavik,90,IS,1553515200,100,63.84,-22.43,7.0,11.3
Ilam,75,IR,1553515200,76,33.64,46.42,12.0,4.1
Erenhot,44,CN,1553517767,25,43.65,111.97,6.4,4.07
Broome,40,GB,1553517768,57,52.47,1.45,11.11,8.7
Chernyshevskiy,0,RU,1553517768,74,63.01,112.47,-15.05,2.17
Dryden,1,CA,1553515200,60,49.79,-92.84,-15.0,2.6
Kuopio,75,FI,1553514600,59,62.89,27.68,2.0,6.7
Garmsar,76,IR,1553517769,84,35.22,52.34,12.95,1.82
Craigieburn,0,AU,1553517734,43,-37.6,144.94,14.44,3.6
Xingcheng,20,CN,1553517769,31,40.62,120.71,9.35,3.17
Mangrol,64,IN,1553517769,25,25.33,76.51,32.35,4.72
Deputatskiy,20,RU,1553517769,27,69.3,139.9,-29.05,1.42
Bastia,75,IT,1553517759,82,44.6,8.98,20.0,5.7
Yulara,0,AU,1553515200,42,-25.24,130.99,27.0,6.2
Broken Hill,0,AU,1553515200,51,-31.97,141.45,17.0,5.7
Dhidhdhoo,0,MV,1553517770,100,6.88,73.1,29.35,1.82
Abha,40,SA,1553515200,41,18.22,42.5,25.0,10.3
Clermont,88,AU,1553517771,44,-22.82,147.64,29.5,4.22
Adre,0,TD,1553517771,14,13.47,22.2,38.25,4.47
Kyren,76,RU,1553517772,79,51.68,102.13,-1.7,0.87
Cayenne,0,GF,1553515200,65,4.94,-52.33,28.0,5.7
Doha,76,QA,1553515200,73,25.29,51.53,29.0,9.8
Romitan,0,UZ,1553515200,19,39.93,64.38,27.0,7.2
Zhangye,12,CN,1553517772,61,38.94,100.46,4.4,1.82
Isfana,40,KG,1553515200,32,39.84,69.53,19.0,5.0
Pangai,75,TO,1553515200,69,-19.8,-174.35,26.0,5.1
Belmonte,0,PT,1553517082,46,40.36,-7.35,17.78,4.47
Peniche,0,PT,1553517645,45,39.36,-9.38,25.0,5.7
Saint George,0,GR,1553517206,55,39.45,22.34,20.56,3.6
Vao,56,EE,1553517774,88,59.1,26.19,3.7,2.72
Nanortalik,88,GL,1553517774,100,60.14,-45.24,0.35,6.12
Edd,0,ER,1553517774,21,13.93,41.69,39.6,4.67
Olga,1,US,1553517728,81,34.11,-118.17,12.22,1.17
Tual,56,ID,1553517775,94,-5.67,132.75,30.15,2.37
Bejar,0,AL,1553517775,56,40.49,19.83,18.05,1.52
Banfora,0,BF,1553517775,33,10.64,-4.75,36.55,6.62
Sibolga,68,ID,1553517776,96,1.74,98.78,23.25,0.62
Borba,0,PT,1553515200,27,38.81,-7.46,23.0,7.2
Takoradi,56,GH,1553517776,88,4.89,-1.75,29.2,4.77
Ambon,90,FR,1553517741,58,47.55,-2.56,13.33,6.2
Havoysund,75,NO,1553514600,97,71.0,24.66,0.0,8.7
Popondetta,88,PG,1553517777,97,-8.77,148.24,19.7,0.97
Dalmatovo,76,RU,1553517777,92,56.26,62.94,3.0,8.62
Rijeka,0,HR,1553517724,42,45.33,14.44,20.56,3.1
Prince Rupert,1,CA,1553515200,88,54.32,-130.32,2.0,1.0
Mnogovershinnyy,56,RU,1553517777,73,53.94,139.92,-12.3,0.97
Tuatapere,92,NZ,1553517778,83,-46.13,167.69,18.1,7.17
Puro,0,PH,1553517778,77,13.13,123.76,24.6,3.12
Xining,44,CN,1553517779,28,36.62,101.77,2.2,1.12
Ayagoz,20,KZ,1553517779,98,47.96,80.43,2.6,2.12
Weligama,0,LK,1553517779,76,5.97,80.42,29.9,6.22
Quatre Cocos,75,MU,1553517547,83,-20.21,57.76,26.11,3.6
Xai-Xai,0,MZ,1553517780,74,-25.04,33.64,30.4,2.12
Kadiri,12,IN,1553517781,23,14.11,78.16,36.35,4.52
Manali,80,IN,1553517781,86,32.25,77.19,-9.5,0.42
Dali,0,CN,1553517781,48,25.6,100.24,16.35,2.52
Poros,0,TR,1553514600,35,40.9,26.22,14.0,3.6
Aksarka,12,RU,1553517782,87,66.56,67.8,-1.75,6.17
Alihe,24,CN,1553517782,51,50.57,123.73,-6.15,3.32
Kodinsk,0,RU,1553517782,48,58.6,99.18,-6.8,1.67
Kayankulam,0,IN,1553517783,100,9.18,76.5,30.05,5.92
Uryupinsk,0,RU,1553517223,49,50.8,42.01,8.33,5.36
Sumbawanga,20,TZ,1553517783,83,-7.95,31.62,25.65,1.72
Saint Anthony,90,US,1553517609,80,43.97,-111.68,2.0,3.1
Kloulklubed,75,PW,1553514600,88,7.04,134.26,25.0,1.5
Piacabucu,76,BR,1553517784,97,-10.41,-36.43,26.15,2.77
Berlevag,20,NO,1553514600,100,70.86,29.09,0.0,8.2
Mushie,92,CD,1553517784,91,-3.02,16.92,25.1,1.62
Usogorsk,88,RU,1553517784,77,63.43,48.71,2.2,2.52
Kaka,32,TM,1553517784,70,37.35,59.62,18.15,1.17
Kaili,36,ID,1553517785,87,-3.46,120.21,22.5,0.87
Tulun,88,RU,1553517785,78,54.56,100.58,-1.55,3.22
Nome,90,US,1553517747,94,30.04,-94.42,20.56,1.5
San Onofre,0,CO,1553517785,89,9.74,-75.52,25.8,1.02
Taoudenni,92,ML,1553517786,78,22.68,-3.98,21.55,6.87
Mezen,80,RU,1553517786,78,65.85,44.24,2.85,2.67
Bida,64,NG,1553517786,52,9.08,6.02,35.0,2.42
Druzhba,92,UA,1553517592,63,49.36,25.65,9.44,2.24
Tayzhina,8,RU,1553517787,80,53.67,87.44,0.35,1.52
Brits,40,ZA,1553517784,31,-25.63,27.78,31.67,5.7
Itoman,75,JP,1553515200,73,26.12,127.67,22.0,6.2
Auki,0,NG,1553517787,19,12.18,6.51,36.15,4.17
Darovskoy,92,RU,1553517787,92,58.77,47.96,1.0,6.07
Chapais,40,CA,1553515860,64,49.78,-74.86,-19.0,4.6
Santa Luzia,20,BR,1553515200,69,-19.77,-43.85,24.0,2.1
Erzin,0,TR,1553517660,53,36.95,36.2,19.0,4.6
Tomatlan,0,MX,1553517789,81,19.93,-105.25,14.85,0.72
Nemuro,0,JP,1553517789,85,43.32,145.57,2.25,10.77
Syamzha,0,RU,1553517789,89,60.02,41.06,2.0,3.32
Saint-Pierre,75,FR,1553517790,65,48.95,4.24,11.67,8.7
Chimbote,68,PE,1553517790,92,-9.08,-78.59,19.65,2.92
San Andres,88,PH,1553517791,92,13.32,122.68,28.5,3.62
Merrill,1,US,1553517724,44,42.03,-121.6,5.0,2.6
Tahoua,0,NE,1553515200,16,14.89,5.26,38.0,8.2
Mecca,68,SA,1553517682,44,21.43,39.83,27.0,4.57
Bahia Blanca,20,AR,1553517735,94,-38.72,-62.27,13.6,3.42
Brookhaven,90,US,1553517762,45,40.78,-72.92,11.0,3.1
Nevsehir,0,TR,1553516400,27,38.62,34.71,11.11,6.2
Agadez,0,NE,1553515200,18,16.97,7.99,34.0,4.1
Rurrenabaque,75,BO,1553515200,100,-14.44,-67.53,25.0,1.22
Tarauaca,24,BR,1553517793,89,-8.16,-70.77,24.95,1.67
Piranshahr,92,IR,1553517793,97,36.7,45.14,3.35,0.52
Espanola,0,CA,1553517734,71,46.27,-81.77,-12.22,1.79
Zhezkazgan,90,KZ,1553515200,100,47.8,67.71,2.0,4.0
Ponta Delgada,20,PT,1553517774,63,37.73,-25.67,18.0,2.6
Kieta,36,PG,1553517794,95,-6.22,155.63,26.6,1.52
Antofagasta,40,CL,1553515200,72,-23.65,-70.4,18.0,2.1
Cervo,0,BR,1553515200,78,-22.19,-46.24,23.0,3.6
Ippy,56,CF,1553517795,56,6.26,21.2,32.0,5.52
Guerrero Negro,24,MX,1553517796,94,27.97,-114.04,8.9,1.97
Korem,32,ET,1553517796,33,12.51,39.52,26.6,0.92
Pangnirtung,90,CA,1553515200,61,66.15,-65.72,-10.0,10.8
Uarini,0,BR,1553515200,100,-2.98,-65.16,25.0,2.1
Sisimiut,48,GL,1553517797,75,66.94,-53.67,-9.25,0.87
Vilyuysk,32,RU,1553517797,61,63.75,121.63,-15.35,2.42
Bijie,92,CN,1553517797,79,27.3,105.3,11.55,1.32
Minab,90,IR,1553515200,54,27.15,57.07,26.0,4.1
Salalah,40,OM,1553514600,69,17.01,54.1,28.0,6.2
Garowe,0,SO,1553517798,34,8.41,48.48,35.0,3.52
Baniachang,0,BD,1553517798,60,24.52,91.37,27.9,1.02
Terra Santa,20,BR,1553517798,85,-2.1,-56.49,27.0,0.52
Hua Hin,88,TH,1553517799,100,12.57,99.96,27.5,4.47
Arandis,20,NA,1553515331,84,-22.42,14.98,18.33,2.68
Dawei,80,MM,1553517799,86,14.07,98.19,25.45,0.77
La Rioja,92,AR,1553517672,94,-29.41,-66.86,16.9,2.12
Guadalupe Victoria,5,MX,1553514480,100,21.68,-105.33,7.0,2.87
Pestovo,0,RU,1553515200,42,55.36,37.98,7.0,6.0
Mariinsk,8,RU,1553517800,77,56.21,87.75,-1.15,2.17
Mateare,20,NI,1553515200,88,12.24,-86.43,22.0,3.1
Beloha,20,MG,1553517801,70,-25.17,45.06,29.75,4.37
Ulaangom,88,MN,1553517801,83,49.98,92.07,-1.85,1.52
Nara,75,JP,1553517202,66,34.68,135.8,11.11,2.1
San-Pedro,48,CI,1553517801,66,4.75,-6.64,30.75,4.92
Vredendal,0,ZA,1553517801,46,-31.68,18.49,26.8,1.87
Lesozavodsk,92,RU,1553517802,94,45.47,133.42,0.75,4.32
Payson,1,US,1553517784,92,40.04,-111.73,2.22,1.5
Kidal,20,ML,1553517802,18,18.44,1.41,34.4,2.67
Znamenka,0,RU,1553517802,93,52.41,41.44,1.1,4.57
Iguape,0,BR,1553517803,99,-24.7,-47.56,24.65,2.37
Nardaran,90,AZ,1553515200,75,40.56,50.01,8.0,9.3
Cidreira,0,BR,1553517803,76,-30.17,-50.22,19.25,5.57
Padilla,40,CO,1553515200,68,3.23,-76.31,19.0,1.5
Vezirkopru,40,TR,1553516400,45,41.14,35.45,10.0,9.3
